0,17,0,5956.674138,4.087463,1,1,
0,33,1,1021.761507,5.044394,1,1,
0,65,2,1127.997328,6.022368,1,1,
0,129,3,600000036.776367,2.204491,1,1,
0,257,4,600000012.221930,2.602250,1,1,
0,513,5,600000001.559601,3.001126,1,1,
0,1025,6,600000000.365434,3.400563,1,1,
0,2049,7,600000000.134576,3.800282,1,1,
0,4097,8,600000000.051404,4.200141,1,1,
0,8193,9,600000000.006302,4.600070,1,1,
0,17,10,11367.577615,2.043731,1,2,
0,33,11,7086.091878,2.522197,1,2,
0,65,12,3690.471288,3.011184,1,2,
0,129,13,2180.372725,3.505614,1,2,
0,257,14,925.762929,4.002812,1,2,
0,513,15,624.264482,4.501408,1,2,
0,1025,16,200000187.268359,3.800563,1,2,
0,2049,17,200000102.869553,4.200282,1,2,
0,4097,18,200000057.531230,4.600141,1,2,
0,8193,19,200000038.396450,5.000070,1,2,
0,17,20,10082.339407,2.043731,2,1,
0,33,21,6545.729218,2.522197,2,1,
0,65,22,3088.738904,3.011184,2,1,
0,129,23,1989.200283,3.505614,2,1,
0,257,24,1081.259094,4.002812,2,1,
0,513,25,638.008832,4.501408,2,1,
0,1025,26,345.053080,5.000704,2,1,
0,2049,27,190.768728,5.500352,2,1,
0,4097,28,126.530459,6.000176,2,1,
0,8193,29,106.844250,6.500088,2,1,
0,17,30,21533.622361,1.021866,2,2,
0,33,31,14602.288616,1.261099,2,2,
0,65,32,10354.204283,1.505592,2,2,
0,129,33,7382.278421,1.752807,2,2,
0,257,34,5170.438853,2.001406,2,2,
0,513,35,3925.060516,2.250704,2,2,
0,1025,36,2974.314405,2.500352,2,2,
0,2049,37,2152.408294,2.750176,2,2,
0,4097,38,1658.536771,3.000088,2,2,
0,8193,39,1429.462954,3.250044,2,2,
0,17,40,400011508.659158,1.021866,1,4,
0,33,41,400008567.808403,1.261099,1,4,
0,65,42,400006594.877859,0.503355,1,4,
0,129,43,400004805.135860,0.651684,1,4,
0,257,44,400003541.480131,0.800844,1,4,
0,513,45,400002690.497929,0.950422,1,4,
0,1025,46,400001838.042958,1.100211,1,4,
0,2049,47,400001405.044883,1.250106,1,4,
0,4097,48,400001056.056531,1.400053,1,4,
0,8193,49,400000884.257590,1.550026,1,4,
0,17,50,23491.883869,1.021866,4,1,
0,33,51,15113.668583,1.261099,4,1,
0,65,52,10800.061365,1.505592,4,1,
0,129,53,7334.053952,1.752807,4,1,
0,257,54,5598.767354,2.001406,4,1,
0,513,55,4042.505522,2.250704,4,1,
0,1025,56,3027.787219,2.500352,4,1,
0,2049,57,2284.200416,2.750176,4,1,
0,4097,58,1683.972152,3.000088,4,1,
0,8193,59,1408.877596,3.250044,4,1,
0,17,60,29206.261591,0.510933,2,4,
0,33,61,23875.141770,0.630549,2,4,
0,65,62,18803.249935,0.752796,2,4,
0,129,63,15984.845503,0.876403,2,4,
0,257,64,13183.553199,1.000703,2,4,
0,513,65,11079.636561,1.125352,2,4,
0,1025,66,9426.245254,1.250176,2,4,
0,2049,67,7771.511735,1.375088,2,4,
0,4097,68,7003.843529,1.500044,2,4,
0,8193,69,6506.014167,1.625022,2,4,
0,17,70,29680.595980,0.510933,4,2,
0,33,71,22398.273773,0.630549,4,2,
0,65,72,18658.607064,0.752796,4,2,
0,129,73,14785.950135,0.876403,4,2,
0,257,74,12956.394996,1.000703,4,2,
0,513,75,10463.012022,1.125352,4,2,
0,1025,76,8884.864136,1.250176,4,2,
0,2049,77,7600.793403,1.375088,4,2,
0,4097,78,6820.674600,1.500044,4,2,
0,8193,79,6318.249893,1.625022,4,2,
0,17,80,38558.348386,0.255466,4,4,
0,33,81,32818.298664,0.315275,4,4,
0,65,82,27130.850401,0.376398,4,4,
0,129,83,24108.885608,0.438202,4,4,
0,257,84,21314.767915,0.500352,4,4,
0,513,85,19524.418817,0.562676,4,4,
0,1025,86,17214.824004,0.625088,4,4,
0,2049,87,15980.092749,0.687544,4,4,
0,4097,88,15089.716210,0.750022,4,4,
0,8193,89,14853.303509,0.812511,4,4,
0,17,90,400022930.827166,0.510933,1,8,
0,33,91,400017806.034517,0.630549,1,8,
0,65,92,400014723.827153,0.051678,1,8,
0,129,93,400012283.763805,0.125842,1,8,
0,257,94,400010211.848697,0.200422,1,8,
0,513,95,400008553.038111,0.275211,1,8,
0,1025,96,400007331.129204,0.350106,1,8,
0,2049,97,400006143.948031,0.425053,1,8,
0,4097,98,400005324.445861,0.500026,1,8,
0,8193,99,400005014.345591,0.575013,1,8,
0,17,100,31734.224494,0.510933,8,1,
0,33,101,24809.116933,0.630549,8,1,
0,65,102,19408.370329,0.752796,8,1,
0,129,103,16839.664224,0.876403,8,1,
0,257,104,13678.676759,1.000703,8,1,
0,513,105,11679.854368,1.125352,8,1,
0,1025,106,9859.914291,1.250176,8,1,
0,2049,107,8550.179830,1.375088,8,1,
0,4097,108,7616.485641,1.500044,8,1,
0,8193,109,6985.424393,1.625022,8,1,
0,17,110,400025438.215997,0.255466,2,8,
0,33,111,400019842.322448,0.315275,2,8,
0,65,112,400018405.103799,-0.174161,2,8,
0,129,113,400015810.695394,-0.137079,2,8,
0,257,114,400014958.869644,-0.099789,2,8,
0,513,115,400013226.852206,-0.062394,2,8,
0,1025,116,400012487.564435,-0.024947,2,8,
0,2049,117,400011381.371921,0.012526,2,8,
0,4097,118,400011095.175833,0.050013,2,8,
0,8193,119,400010933.122838,0.087507,2,8,
0,17,120,39189.439946,0.255466,8,2,
0,33,121,34223.306602,0.315275,8,2,
0,65,122,27949.309854,0.376398,8,2,
0,129,123,25609.850426,0.438202,8,2,
0,257,124,21903.296115,0.500352,8,2,
0,513,125,200017548.638424,0.250141,8,2,
0,1025,126,200016283.881007,0.300070,8,2,
0,2049,127,200014986.611421,0.350035,8,2,
0,4097,128,200014345.539949,0.400018,8,2,
0,8193,129,200013944.584363,0.450009,8,2,
0,17,130,400028786.850749,0.127733,4,8,
0,33,131,400025379.511977,0.157637,4,8,
0,65,132,400021994.179103,-0.287081,4,8,
0,129,133,400021129.313318,-0.268539,4,8,
0,257,134,400020390.894791,-0.249895,4,8,
0,513,135,400018245.678131,-0.231197,4,8,
0,1025,136,400017603.022533,-0.212474,4,8,
0,2049,137,400016884.259653,-0.193737,4,8,
0,4097,138,400016570.522363,-0.174993,4,8,
0,8193,139,400016399.748040,-0.156247,4,8,
0,17,140,47114.966778,0.127733,8,4,
0,33,141,41179.489558,0.157637,8,4,
0,65,142,36859.009460,0.188199,8,4,
0,129,143,34617.323794,0.219101,8,4,
0,257,144,200028936.504446,0.000141,8,4,
0,513,145,200027093.997158,0.025070,8,4,
0,1025,146,200025598.227865,0.050035,8,4,
0,2049,147,200025148.113133,0.075018,8,4,
0,4097,148,400016661.065825,-0.174993,8,4,
0,8193,149,400016419.907408,-0.156247,8,4,
0,17,150,60047.459443,0.063867,8,8,
0,33,151,55162.771714,0.078819,8,8,
0,65,152,53076.815080,0.094099,8,8,
0,129,153,200033864.404443,-0.112360,8,8,
0,257,154,200032421.172008,-0.099930,8,8,
0,513,155,200031419.352136,-0.087465,8,8,
0,1025,156,400027557.910856,-0.306237,8,8,
0,2049,157,600017117.150797,-0.531246,8,8,
0,4097,158,600017032.058698,-0.524998,8,8,
0,8193,159,600016879.615728,-0.518749,8,8,
1,17,0,121.287437,4.087463,1,1,
1,33,1,62.811086,5.044394,1,1,
1,65,2,48.132505,6.022368,1,1,
1,129,3,12.247079,7.011227,1,1,
1,257,4,8.068849,8.005625,1,1,
1,513,5,2.563545,9.002815,1,1,
1,1025,6,2.319957,10.001408,1,1,
1,2049,7,0.779538,11.000704,1,1,
1,4097,8,0.408145,12.000352,1,1,
1,8193,9,0.204914,13.000176,1,1,
1,17,10,186.100722,2.043731,1,2,
1,33,11,108.701691,2.522197,1,2,
1,65,12,70.140876,3.011184,1,2,
1,129,13,36.031479,3.505614,1,2,
1,257,14,24.764035,4.002812,1,2,
1,513,15,11.880831,4.501408,1,2,
1,1025,16,6.348212,5.000704,1,2,
1,2049,17,3.431008,5.500352,1,2,
1,4097,18,2.153750,6.000176,1,2,
1,8193,19,1.545986,6.500088,1,2,
1,17,20,158.054497,2.043731,2,1,
1,33,21,88.136019,2.522197,2,1,
1,65,22,61.087252,3.011184,2,1,
1,129,23,34.858780,3.505614,2,1,
1,257,24,18.763559,4.002812,2,1,
1,513,25,12.258760,4.501408,2,1,
1,1025,26,6.004875,5.000704,2,1,
1,2049,27,3.820501,5.500352,2,1,
1,4097,28,2.203749,6.000176,2,1,
1,8193,29,1.266460,6.500088,2,1,
1,17,30,242.466361,1.021866,2,2,
1,33,31,202.541902,1.261099,2,2,
1,65,32,145.903361,1.505592,2,2,
1,129,33,105.123268,1.752807,2,2,
1,257,34,78.607890,2.001406,2,2,
1,513,35,55.451404,2.250704,2,2,
1,1025,36,37.120607,2.500352,2,2,
1,2049,37,30.991359,2.750176,2,2,
1,4097,38,21.789632,3.000088,2,2,
1,8193,39,16.417697,3.250044,2,2,
1,17,40,259.129991,1.021866,1,4,
1,33,41,204.256427,1.261099,1,4,
1,65,42,166.268212,1.505592,1,4,
1,129,43,123.143039,1.752807,1,4,
1,257,44,86.912618,2.001406,1,4,
1,513,45,66.596844,2.250704,1,4,
1,1025,46,44.265541,2.500352,1,4,
1,2049,47,34.517402,2.750176,1,4,
1,4097,48,23.956185,3.000088,1,4,
1,8193,49,19.537842,3.250044,1,4,
1,17,50,228.498629,1.021866,4,1,
1,33,51,178.580073,1.261099,4,1,
1,65,52,125.457194,1.505592,4,1,
1,129,53,95.423777,1.752807,4,1,
1,257,54,68.213298,2.001406,4,1,
1,513,55,47.481973,2.250704,4,1,
1,1025,56,34.866904,2.500352,4,1,
1,2049,57,25.728479,2.750176,4,1,
1,4097,58,17.105507,3.000088,4,1,
1,8193,59,13.830304,3.250044,4,1,
1,17,60,321.589593,0.510933,2,4,
1,33,61,278.462447,0.630549,2,4,
1,65,62,246.985977,0.752796,2,4,
1,129,63,203.544694,0.876403,2,4,
1,257,64,164.975776,1.000703,2,4,
1,513,65,140.847112,1.125352,2,4,
1,1025,66,114.562385,1.250176,2,4,
1,2049,67,96.788354,1.375088,2,4,
1,4097,68,81.579926,1.500044,2,4,
1,8193,69,71.570200,1.625022,2,4,
1,17,70,306.654664,0.510933,4,2,
1,33,71,263.621525,0.630549,4,2,
1,65,72,215.928523,0.752796,4,2,
1,129,73,184.451704,0.876403,4,2,
1,257,74,147.242502,1.000703,4,2,
1,513,75,115.518117,1.125352,4,2,
1,1025,76,97.002443,1.250176,4,2,
1,2049,77,80.755968,1.375088,4,2,
1,4097,78,66.175679,1.500044,4,2,
1,8193,79,57.050237,1.625022,4,2,
1,17,80,346.513063,0.255466,4,4,
1,33,81,323.244789,0.315275,4,4,
1,65,82,292.491450,0.376398,4,4,
1,129,83,264.875692,0.438202,4,4,
1,257,84,227.449852,0.500352,4,4,
1,513,85,197.503895,0.562676,4,4,
1,1025,86,174.946089,0.625088,4,4,
1,2049,87,155.734360,0.687544,4,4,
1,4097,88,139.701208,0.750022,4,4,
1,8193,89,133.748686,0.812511,4,4,
1,17,90,322.837745,0.510933,1,8,
1,33,91,288.732927,0.630549,1,8,
1,65,92,257.742421,0.752796,1,8,
1,129,93,222.251447,0.876403,1,8,
1,257,94,188.704306,1.000703,1,8,
1,513,95,158.614681,1.125352,1,8,
1,1025,96,134.392471,1.250176,1,8,
1,2049,97,111.847086,1.375088,1,8,
1,4097,98,95.725316,1.500044,1,8,
1,8193,99,85.891431,1.625022,1,8,
1,17,100,305.804348,0.510933,8,1,
1,33,101,253.787111,0.630549,8,1,
1,65,102,212.386136,0.752796,8,1,
1,129,103,170.136411,0.876403,8,1,
1,257,104,138.857179,1.000703,8,1,
1,513,105,116.975666,1.125352,8,1,
1,1025,106,98.369841,1.250176,8,1,
1,2049,107,83.208304,1.375088,8,1,
1,4097,108,68.493325,1.500044,8,1,
1,8193,109,58.658796,1.625022,8,1,
1,17,110,353.691492,0.255466,2,8,
1,33,111,332.217213,0.315275,2,8,
1,65,112,307.915070,0.376398,2,8,
1,129,113,281.168353,0.438202,2,8,
1,257,114,250.666740,0.500352,2,8,
1,513,115,225.755568,0.562676,2,8,
1,1025,116,199.693459,0.625088,2,8,
1,2049,117,182.761411,0.687544,2,8,
1,4097,118,169.985398,0.750022,2,8,
1,8193,119,160.529277,0.812511,2,8,
1,17,120,343.889174,0.255466,8,2,
1,33,121,313.876360,0.315275,8,2,
1,65,122,283.907773,0.376398,8,2,
1,129,123,256.957891,0.438202,8,2,
1,257,124,214.287394,0.500352,8,2,
1,513,125,190.490633,0.562676,8,2,
1,1025,126,171.518611,0.625088,8,2,
1,2049,127,150.846746,0.687544,8,2,
1,4097,128,138.046391,0.750022,8,2,
1,8193,129,128.979093,0.812511,8,2,
1,17,130,377.164048,0.127733,4,8,
1,33,131,359.631464,0.157637,4,8,
1,65,132,340.079991,0.188199,4,8,
1,129,133,321.114422,0.219101,4,8,
1,257,134,296.311503,0.250176,4,8,
1,513,135,275.361129,0.281338,4,8,
1,1025,136,255.355722,0.312544,4,8,
1,2049,137,239.609763,0.343772,4,8,
1,4097,138,230.303819,0.375011,4,8,
1,8193,139,224.163198,0.406256,4,8,
1,17,140,376.281055,0.127733,8,4,
1,33,141,360.746037,0.157637,8,4,
1,65,142,335.581948,0.188199,8,4,
1,129,143,315.379959,0.219101,8,4,
1,257,144,288.012137,0.250176,8,4,
1,513,145,264.781266,0.281338,8,4,
1,1025,146,243.650270,0.312544,8,4,
1,2049,147,230.290894,0.343772,8,4,
1,4097,148,219.216742,0.375011,8,4,
1,8193,149,213.601823,0.406256,8,4,
1,17,150,390.398063,0.063867,8,8,
1,33,151,379.676069,0.078819,8,8,
1,65,152,370.691124,0.094099,8,8,
1,129,153,358.421330,0.109550,8,8,
1,257,154,339.257409,0.125088,8,8,
1,513,155,325.507208,0.140669,8,8,
1,1025,156,314.906680,0.156272,8,8,
1,2049,157,306.140579,0.171886,8,8,
1,4097,158,301.747511,0.187506,8,8,
1,8193,159,296.867104,0.203128,8,8,
2,17,0,8.586472,4.087463,1,1,
2,33,1,8.380417,5.044394,1,1,
2,65,2,2.458031,6.022368,1,1,
2,129,3,1.126482,7.011227,1,1,
2,257,4,0.568638,8.005625,1,1,
2,513,5,0.368002,9.002815,1,1,
2,1025,6,0.186764,10.001408,1,1,
2,2049,7,0.070052,11.000704,1,1,
2,4097,8,0.035944,12.000352,1,1,
2,8193,9,0.009507,13.000176,1,1,
2,17,10,22.721442,2.043731,1,2,
2,33,11,15.336308,2.522197,1,2,
2,65,12,9.365186,3.011184,1,2,
2,129,13,5.283699,3.505614,1,2,
2,257,14,3.116298,4.002812,1,2,
2,513,15,1.857121,4.501408,1,2,
2,1025,16,1.042076,5.000704,1,2,
2,2049,17,0.566513,5.500352,1,2,
2,4097,18,0.298765,6.000176,1,2,
2,8193,19,0.181238,6.500088,1,2,
2,17,20,24.133641,2.043731,2,1,
2,33,21,13.990768,2.522197,2,1,
2,65,22,9.967212,3.011184,2,1,
2,129,23,5.892724,3.505614,2,1,
2,257,24,2.945331,4.002812,2,1,
2,513,25,1.779473,4.501408,2,1,
2,1025,26,1.013943,5.000704,2,1,
2,2049,27,0.709571,5.500352,2,1,
2,4097,28,0.303947,6.000176,2,1,
2,8193,29,0.160698,6.500088,2,1,
2,17,30,36.154563,1.021866,2,2,
2,33,31,29.995986,1.261099,2,2,
2,65,32,22.035679,1.505592,2,2,
2,129,33,16.444039,1.752807,2,2,
2,257,34,12.223949,2.001406,2,2,
2,513,35,9.211899,2.250704,2,2,
2,1025,36,6.822582,2.500352,2,2,
2,2049,37,4.874779,2.750176,2,2,
2,4097,38,3.655935,3.000088,2,2,
2,8193,39,2.769749,3.250044,2,2,
2,17,40,37.234641,1.021866,1,4,
2,33,41,29.175926,1.261099,1,4,
2,65,42,22.483175,1.505592,1,4,
2,129,43,17.545156,1.752807,1,4,
2,257,44,12.771310,2.001406,1,4,
2,513,45,9.560180,2.250704,1,4,
2,1025,46,6.682404,2.500352,1,4,
2,2049,47,4.861925,2.750176,1,4,
2,4097,48,3.643975,3.000088,1,4,
2,8193,49,2.686002,3.250044,1,4,
2,17,50,36.834158,1.021866,4,1,
2,33,51,26.352159,1.261099,4,1,
2,65,52,19.680592,1.505592,4,1,
2,129,53,15.120862,1.752807,4,1,
2,257,54,11.228470,2.001406,4,1,
2,513,55,8.600557,2.250704,4,1,
2,1025,56,5.816450,2.500352,4,1,
2,2049,57,4.105242,2.750176,4,1,
2,4097,58,2.985196,3.000088,4,1,
2,8193,59,2.213356,3.250044,4,1,
2,17,60,47.048756,0.510933,2,4,
2,33,61,40.511841,0.630549,2,4,
2,65,62,35.649672,0.752796,2,4,
2,129,63,30.862441,0.876403,2,4,
2,257,64,26.563208,1.000703,2,4,
2,513,65,22.438642,1.125352,2,4,
2,1025,66,19.527749,1.250176,2,4,
2,2049,67,16.208803,1.375088,2,4,
2,4097,68,13.800174,1.500044,2,4,
2,8193,69,11.884733,1.625022,2,4,
2,17,70,45.827725,0.510933,4,2,
2,33,71,39.882467,0.630549,4,2,
2,65,72,33.667857,0.752796,4,2,
2,129,73,29.158643,0.876403,4,2,
2,257,74,24.811465,1.000703,4,2,
2,513,75,21.262809,1.125352,4,2,
2,1025,76,17.600631,1.250176,4,2,
2,2049,77,14.812287,1.375088,4,2,
2,4097,78,12.541678,1.500044,4,2,
2,8193,79,10.709961,1.625022,4,2,
2,17,80,52.468254,0.255466,4,4,
2,33,81,48.980934,0.315275,4,4,
2,65,82,45.180899,0.376398,4,4,
2,129,83,41.015902,0.438202,4,4,
2,257,84,37.868451,0.500352,4,4,
2,513,85,34.602182,0.562676,4,4,
2,1025,86,31.417630,0.625088,4,4,
2,2049,87,28.532634,0.687544,4,4,
2,4097,88,25.861547,0.750022,4,4,
2,8193,89,24.159932,0.812511,4,4,
2,17,90,46.298219,0.510933,1,8,
2,33,91,42.114145,0.630549,1,8,
2,65,92,36.433136,0.752796,1,8,
2,129,93,31.555128,0.876403,1,8,
2,257,94,26.887099,1.000703,1,8,
2,513,95,23.013692,1.125352,1,8,
2,1025,96,19.771178,1.250176,1,8,
2,2049,97,16.682475,1.375088,1,8,
2,4097,98,14.238803,1.500044,1,8,
2,8193,99,12.136675,1.625022,1,8,
2,17,100,44.895642,0.510933,8,1,
2,33,101,39.465232,0.630549,8,1,
2,65,102,33.404652,0.752796,8,1,
2,129,103,27.533026,0.876403,8,1,
2,257,104,23.566356,1.000703,8,1,
2,513,105,19.783384,1.125352,8,1,
2,1025,106,16.650326,1.250176,8,1,
2,2049,107,13.755138,1.375088,8,1,
2,4097,108,11.640310,1.500044,8,1,
2,8193,109,9.792201,1.625022,8,1,
2,17,110,52.781237,0.255466,2,8,
2,33,111,48.878176,0.315275,2,8,
2,65,112,45.482150,0.376398,2,8,
2,129,113,41.477642,0.438202,2,8,
2,257,114,38.352525,0.500352,2,8,
2,513,115,35.113605,0.562676,2,8,
2,1025,116,32.067298,0.625088,2,8,
2,2049,117,29.486955,0.687544,2,8,
2,4097,118,27.116445,0.750022,2,8,
2,8193,119,25.273189,0.812511,2,8,
2,17,120,50.728929,0.255466,8,2,
2,33,121,48.777273,0.315275,8,2,
2,65,122,43.856837,0.376398,8,2,
2,129,123,39.812519,0.438202,8,2,
2,257,124,36.225929,0.500352,8,2,
2,513,125,32.963759,0.562676,8,2,
2,1025,126,29.656531,0.625088,8,2,
2,2049,127,27.107878,0.687544,8,2,
2,4097,128,24.828705,0.750022,8,2,
2,8193,129,23.002350,0.812511,8,2,
2,17,130,55.887733,0.127733,4,8,
2,33,131,53.621801,0.157637,4,8,
2,65,132,51.260015,0.188199,4,8,
2,129,133,48.950476,0.219101,4,8,
2,257,134,46.725371,0.250176,4,8,
2,513,135,44.349880,0.281338,4,8,
2,1025,136,42.141959,0.312544,4,8,
2,2049,137,40.205380,0.343772,4,8,
2,4097,138,38.658135,0.375011,4,8,
2,8193,139,37.434271,0.406256,4,8,
2,17,140,56.093713,0.127733,8,4,
2,33,141,53.462552,0.157637,8,4,
2,65,142,51.221614,0.188199,8,4,
2,129,143,48.812849,0.219101,8,4,
2,257,144,46.123441,0.250176,8,4,
2,513,145,43.669293,0.281338,8,4,
2,1025,146,41.360249,0.312544,8,4,
2,2049,147,39.646951,0.343772,8,4,
2,4097,148,38.004116,0.375011,8,4,
2,8193,149,36.779587,0.406256,8,4,
2,17,150,57.829492,0.063867,8,8,
2,33,151,56.545181,0.078819,8,8,
2,65,152,55.195343,0.094099,8,8,
2,129,153,200000051.343633,-0.112360,8,8,
2,257,154,200000049.911204,-0.099930,8,8,
2,513,155,200000048.731521,-0.087465,8,8,
2,1025,156,200000047.930419,-0.074982,8,8,
2,2049,157,200000047.038069,-0.062491,8,8,
2,4097,158,200000046.200981,-0.049996,8,8,
2,8193,159,200000045.369833,-0.037498,8,8,
3,17,0,15.330379,4.087463,1,1,
3,33,1,11.851710,5.044394,1,1,
3,65,2,3.220378,6.022368,1,1,
3,129,3,0.482708,7.011227,1,1,
3,257,4,0.529891,8.005625,1,1,
3,513,5,400000000.031458,5.001689,1,1,
3,1025,6,400000000.011632,5.600845,1,1,
3,2049,7,400000000.001544,6.200423,1,1,
3,4097,8,400000000.001001,6.800211,1,1,
3,8193,9,600000000.000536,4.600070,1,1,
3,17,10,31.734018,2.043731,1,2,
3,33,11,17.555954,2.522197,1,2,
3,65,12,11.108203,3.011184,1,2,
3,129,13,5.131894,3.505614,1,2,
3,257,14,3.126184,4.002812,1,2,
3,513,15,1.535810,4.501408,1,2,
3,1025,16,0.860636,5.000704,1,2,
3,2049,17,0.480708,5.500352,1,2,
3,4097,18,0.262637,6.000176,1,2,
3,8193,19,0.137101,6.500088,1,2,
3,17,20,42.744566,2.043731,2,1,
3,33,21,18.035403,2.522197,2,1,
3,65,22,11.059798,3.011184,2,1,
3,129,23,6.119980,3.505614,2,1,
3,257,24,3.220836,4.002812,2,1,
3,513,25,1.954378,4.501408,2,1,
3,1025,26,1.008857,5.000704,2,1,
3,2049,27,0.479609,5.500352,2,1,
3,4097,28,0.240082,6.000176,2,1,
3,8193,29,0.168296,6.500088,2,1,
3,17,30,61.286200,1.021866,2,2,
3,33,31,44.717919,1.261099,2,2,
3,65,32,33.437128,1.505592,2,2,
3,129,33,23.828458,1.752807,2,2,
3,257,34,17.659562,2.001406,2,2,
3,513,35,13.185931,2.250704,2,2,
3,1025,36,9.417718,2.500352,2,2,
3,2049,37,6.815656,2.750176,2,2,
3,4097,38,5.046417,3.000088,2,2,
3,8193,39,3.694089,3.250044,2,2,
3,17,40,63.717858,1.021866,1,4,
3,33,41,47.162482,1.261099,1,4,
3,65,42,34.035184,1.505592,1,4,
3,129,43,25.698474,1.752807,1,4,
3,257,44,19.388097,2.001406,1,4,
3,513,45,13.912243,2.250704,1,4,
3,1025,46,9.975993,2.500352,1,4,
3,2049,47,7.179759,2.750176,1,4,
3,4097,48,5.188447,3.000088,1,4,
3,8193,49,3.890860,3.250044,1,4,
3,17,50,64.723563,1.021866,4,1,
3,33,51,46.635387,1.261099,4,1,
3,65,52,35.630958,1.505592,4,1,
3,129,53,25.634405,1.752807,4,1,
3,257,54,19.041953,2.001406,4,1,
3,513,55,13.841335,2.250704,4,1,
3,1025,56,9.658724,2.500352,4,1,
3,2049,57,6.835128,2.750176,4,1,
3,4097,58,4.995435,3.000088,4,1,
3,8193,59,3.752892,3.250044,4,1,
3,17,60,83.707598,0.510933,2,4,
3,33,61,67.989393,0.630549,2,4,
3,65,62,58.290034,0.752796,2,4,
3,129,63,50.955795,0.876403,2,4,
3,257,64,43.358688,1.000703,2,4,
3,513,65,36.344628,1.125352,2,4,
3,1025,66,30.668192,1.250176,2,4,
3,2049,67,26.119852,1.375088,2,4,
3,4097,68,22.215338,1.500044,2,4,
3,8193,69,18.818249,1.625022,2,4,
3,17,70,84.974320,0.510933,4,2,
3,33,71,70.472642,0.630549,4,2,
3,65,72,60.147572,0.752796,4,2,
3,129,73,48.904803,0.876403,4,2,
3,257,74,42.035012,1.000703,4,2,
3,513,75,35.629955,1.125352,4,2,
3,1025,76,29.945363,1.250176,4,2,
3,2049,77,25.046467,1.375088,4,2,
3,4097,78,20.972951,1.500044,4,2,
3,8193,79,17.934281,1.625022,4,2,
3,17,80,100.728457,0.255466,4,4,
3,33,81,89.463718,0.315275,4,4,
3,65,82,81.255708,0.376398,4,4,
3,129,83,71.278581,0.438202,4,4,
3,257,84,66.448813,0.500352,4,4,
3,513,85,59.269616,0.562676,4,4,
3,1025,86,54.047670,0.625088,4,4,
3,2049,87,48.734316,0.687544,4,4,
3,4097,88,44.788943,0.750022,4,4,
3,8193,89,40.993157,0.812511,4,4,
3,17,90,82.636330,0.510933,1,8,
3,33,91,70.283253,0.630549,1,8,
3,65,92,60.838637,0.752796,1,8,
3,129,93,51.886094,0.876403,1,8,
3,257,94,44.791504,1.000703,1,8,
3,513,95,37.597391,1.125352,1,8,
3,1025,96,32.411862,1.250176,1,8,
3,2049,97,28.032732,1.375088,1,8,
3,4097,98,23.491765,1.500044,1,8,
3,8193,99,20.291268,1.625022,1,8,
3,17,100,86.605220,0.510933,8,1,
3,33,101,74.668080,0.630549,8,1,
3,65,102,63.560539,0.752796,8,1,
3,129,103,51.632459,0.876403,8,1,
3,257,104,43.802110,1.000703,8,1,
3,513,105,36.962520,1.125352,8,1,
3,1025,106,31.160058,1.250176,8,1,
3,2049,107,26.628063,1.375088,8,1,
3,4097,108,22.235440,1.500044,8,1,
3,8193,109,18.695341,1.625022,8,1,
3,17,110,97.361900,0.255466,2,8,
3,33,111,87.286030,0.315275,2,8,
3,65,112,79.650782,0.376398,2,8,
3,129,113,72.476214,0.438202,2,8,
3,257,114,65.741339,0.500352,2,8,
3,513,115,60.177309,0.562676,2,8,
3,1025,116,55.646226,0.625088,2,8,
3,2049,117,50.586345,0.687544,2,8,
3,4097,118,46.896976,0.750022,2,8,
3,8193,119,43.732109,0.812511,2,8,
3,17,120,103.585178,0.255466,8,2,
3,33,121,92.514707,0.315275,8,2,
3,65,122,82.987524,0.376398,8,2,
3,129,123,74.598744,0.438202,8,2,
3,257,124,67.011239,0.500352,8,2,
3,513,125,60.584573,0.562676,8,2,
3,1025,126,54.742096,0.625088,8,2,
3,2049,127,49.899986,0.687544,8,2,
3,4097,128,45.413108,0.750022,8,2,
3,8193,129,41.963773,0.812511,8,2,
3,17,130,108.076884,0.127733,4,8,
3,33,131,101.010731,0.157637,4,8,
3,65,132,95.464838,0.188199,4,8,
3,129,133,88.677449,0.219101,4,8,
3,257,134,84.006699,0.250176,4,8,
3,513,135,79.053370,0.281338,4,8,
3,1025,136,75.035709,0.312544,4,8,
3,2049,137,71.926940,0.343772,4,8,
3,4097,138,69.227675,0.375011,4,8,
3,8193,139,67.201966,0.406256,4,8,
3,17,140,114.466772,0.127733,8,4,
3,33,141,105.259005,0.157637,8,4,
3,65,142,99.205824,0.188199,8,4,
3,129,143,93.679426,0.219101,8,4,
3,257,144,86.515366,0.250176,8,4,
3,513,145,81.345334,0.281338,8,4,
3,1025,146,77.567729,0.312544,8,4,
3,2049,147,74.051201,0.343772,8,4,
3,4097,148,69.952730,0.375011,8,4,
3,8193,149,67.506081,0.406256,8,4,
3,17,150,118.443024,0.063867,8,8,
3,33,151,113.720266,0.078819,8,8,
3,65,152,108.912493,0.094099,8,8,
3,129,153,103.816745,0.109550,8,8,
3,257,154,200000092.342414,-0.099930,8,8,
3,513,155,200000090.263431,-0.087465,8,8,
3,1025,156,200000087.353071,-0.074982,8,8,
3,2049,157,200000086.692658,-0.062491,8,8,
3,4097,158,200000085.410152,-0.049996,8,8,
3,8193,159,200000083.718148,-0.037498,8,8,
4,17,0,77.635033,4.087463,1,1,
4,33,1,57.841878,5.044394,1,1,
4,65,2,7.902148,6.022368,1,1,
4,129,3,3.824750,7.011227,1,1,
4,257,4,1.942267,8.005625,1,1,
4,513,5,0.302817,9.002815,1,1,
4,1025,6,0.082138,10.001408,1,1,
4,2049,7,0.088069,11.000704,1,1,
4,4097,8,200000000.004398,9.400282,1,1,
4,8193,9,200000000.004362,10.200141,1,1,
4,17,10,265.661924,2.043731,1,2,
4,33,11,165.235226,2.522197,1,2,
4,65,12,86.033222,3.011184,1,2,
4,129,13,52.693519,3.505614,1,2,
4,257,14,24.619981,4.002812,1,2,
4,513,15,12.882275,4.501408,1,2,
4,1025,16,6.907550,5.000704,1,2,
4,2049,17,3.702901,5.500352,1,2,
4,4097,18,2.091412,6.000176,1,2,
4,8193,19,1.363019,6.500088,1,2,
4,17,20,236.013153,2.043731,2,1,
4,33,21,142.593620,2.522197,2,1,
4,65,22,80.806972,3.011184,2,1,
4,129,23,39.264962,3.505614,2,1,
4,257,24,19.400774,4.002812,2,1,
4,513,25,10.716223,4.501408,2,1,
4,1025,26,5.414348,5.000704,2,1,
4,2049,27,2.973667,5.500352,2,1,
4,4097,28,1.623723,6.000176,2,1,
4,8193,29,1.016430,6.500088,2,1,
4,17,30,512.855223,1.021866,2,2,
4,33,31,369.037139,1.261099,2,2,
4,65,32,297.976777,1.505592,2,2,
4,129,33,221.292914,1.752807,2,2,
4,257,34,153.928319,2.001406,2,2,
4,513,35,117.836040,2.250704,2,2,
4,1025,36,84.515664,2.500352,2,2,
4,2049,37,61.607261,2.750176,2,2,
4,4097,38,45.973832,3.000088,2,2,
4,8193,39,36.526448,3.250044,2,2,
4,17,40,484.984702,1.021866,1,4,
4,33,41,389.322643,1.261099,1,4,
4,65,42,279.063211,1.505592,1,4,
4,129,43,218.063575,1.752807,1,4,
4,257,44,168.320505,2.001406,1,4,
4,513,45,124.460316,2.250704,1,4,
4,1025,46,90.416987,2.500352,1,4,
4,2049,47,66.570911,2.750176,1,4,
4,4097,48,50.621496,3.000088,1,4,
4,8193,49,40.923013,3.250044,1,4,
4,17,50,518.083761,1.021866,4,1,
4,33,51,388.134164,1.261099,4,1,
4,65,52,276.462880,1.505592,4,1,
4,129,53,202.996840,1.752807,4,1,
4,257,54,147.671706,2.001406,4,1,
4,513,55,105.074244,2.250704,4,1,
4,1025,56,76.301945,2.500352,4,1,
4,2049,57,56.846693,2.750176,4,1,
4,4097,58,41.501705,3.000088,4,1,
4,8193,59,32.562647,3.250044,4,1,
4,17,60,699.452856,0.510933,2,4,
4,33,61,608.607240,0.630549,2,4,
4,65,62,514.654729,0.752796,2,4,
4,129,63,437.307689,0.876403,2,4,
4,257,64,378.014345,1.000703,2,4,
4,513,65,328.543666,1.125352,2,4,
4,1025,66,275.282632,1.250176,2,4,
4,2049,67,239.409128,1.375088,2,4,
4,4097,68,209.376105,1.500044,2,4,
4,8193,69,187.242533,1.625022,2,4,
4,17,70,702.108584,0.510933,4,2,
4,33,71,608.792793,0.630549,4,2,
4,65,72,512.903980,0.752796,4,2,
4,129,73,437.697247,0.876403,4,2,
4,257,74,384.211484,1.000703,4,2,
4,513,75,321.686129,1.125352,4,2,
4,1025,76,272.434454,1.250176,4,2,
4,2049,77,231.642658,1.375088,4,2,
4,4097,78,204.275400,1.500044,4,2,
4,8193,79,183.356953,1.625022,4,2,
4,17,80,843.688785,0.255466,4,4,
4,33,81,770.968479,0.315275,4,4,
4,65,82,718.053250,0.376398,4,4,
4,129,83,644.751253,0.438202,4,4,
4,257,84,597.013776,0.500352,4,4,
4,513,85,549.519253,0.562676,4,4,
4,1025,86,496.243398,0.625088,4,4,
4,2049,87,461.318966,0.687544,4,4,
4,4097,88,433.745170,0.750022,4,4,
4,8193,89,408.629318,0.812511,4,4,
4,17,90,400000522.090979,0.510933,1,8,
4,33,91,400000445.224712,0.630549,1,8,
4,65,92,400000378.528097,0.051678,1,8,
4,129,93,400000331.506492,0.125842,1,8,
4,257,94,400000284.252164,0.200422,1,8,
4,513,95,400000245.040316,0.275211,1,8,
4,1025,96,400000211.560517,0.350106,1,8,
4,2049,97,400000180.571357,0.425053,1,8,
4,4097,98,400000156.903717,0.500026,1,8,
4,8193,99,400000143.595567,0.575013,1,8,
4,17,100,722.426618,0.510933,8,1,
4,33,101,610.136103,0.630549,8,1,
4,65,102,515.428860,0.752796,8,1,
4,129,103,426.989194,0.876403,8,1,
4,257,104,360.974240,1.000703,8,1,
4,513,105,302.590901,1.125352,8,1,
4,1025,106,256.512142,1.250176,8,1,
4,2049,107,217.409112,1.375088,8,1,
4,4097,108,189.114207,1.500044,8,1,
4,8193,109,171.504524,1.625022,8,1,
4,17,110,400000622.738665,0.255466,2,8,
4,33,111,400000572.783879,0.315275,2,8,
4,65,112,400000526.650338,-0.174161,2,8,
4,129,113,400000470.181327,-0.137079,2,8,
4,257,114,400000425.227629,-0.099789,2,8,
4,513,115,400000396.825488,-0.062394,2,8,
4,1025,116,400000360.980099,-0.024947,2,8,
4,2049,117,400000333.284217,0.012526,2,8,
4,4097,118,400000313.951977,0.050013,2,8,
4,8193,119,400000300.532880,0.087507,2,8,
4,17,120,858.721801,0.255466,8,2,
4,33,121,784.445244,0.315275,8,2,
4,65,122,707.988126,0.376398,8,2,
4,129,123,647.550307,0.438202,8,2,
4,257,124,580.302889,0.500352,8,2,
4,513,125,526.780569,0.562676,8,2,
4,1025,126,481.226278,0.625088,8,2,
4,2049,127,448.510304,0.687544,8,2,
4,4097,128,426.207671,0.750022,8,2,
4,8193,129,404.267794,0.812511,8,2,
4,17,130,939.063462,0.127733,4,8,
4,33,131,894.784733,0.157637,4,8,
4,65,132,846.386383,0.188199,4,8,
4,129,133,200000753.045919,-0.024719,4,8,
4,257,134,200000716.943358,0.000141,4,8,
4,513,135,200000693.737255,0.025070,4,8,
4,1025,136,200000667.758569,0.050035,4,8,
4,2049,137,200000631.480160,0.075018,4,8,
4,4097,138,200000616.514657,0.100009,4,8,
4,8193,139,200000597.850904,0.125004,4,8,
4,17,140,943.092979,0.127733,8,4,
4,33,141,895.631364,0.157637,8,4,
4,65,142,859.823113,0.188199,8,4,
4,129,143,820.403461,0.219101,8,4,
4,257,144,777.575937,0.250176,8,4,
4,513,145,736.877095,0.281338,8,4,
4,1025,146,700.256756,0.312544,8,4,
4,2049,147,680.640690,0.343772,8,4,
4,4097,148,200000425.038248,0.100009,8,4,
4,8193,149,200000413.329723,0.125004,8,4,
4,17,150,998.607638,0.063867,8,8,
4,33,151,967.823788,0.078819,8,8,
4,65,152,950.380003,0.094099,8,8,
4,129,153,927.431232,0.109550,8,8,
4,257,154,906.214021,0.125088,8,8,
4,513,155,200000827.170917,-0.087465,8,8,
4,1025,156,200000814.365823,-0.074982,8,8,
4,2049,157,400000714.041731,-0.296868,8,8,
4,4097,158,400000696.535717,-0.287497,8,8,
4,8193,159,400000684.550772,-0.278123,8,8,
5,17,0,41.337355,4.087463,1,1,
5,33,1,11.420324,5.044394,1,1,
5,65,2,7.485430,6.022368,1,1,
5,129,3,1.237508,7.011227,1,1,
5,257,4,0.621480,8.005625,1,1,
5,513,5,0.354217,9.002815,1,1,
5,1025,6,0.041252,10.001408,1,1,
5,2049,7,0.035437,11.000704,1,1,
5,4097,8,400000000.001102,6.800211,1,1,
5,8193,9,400000000.000423,7.400106,1,1,
5,17,10,71.131997,2.043731,1,2,
5,33,11,42.141672,2.522197,1,2,
5,65,12,27.619539,3.011184,1,2,
5,129,13,13.704601,3.505614,1,2,
5,257,14,6.797959,4.002812,1,2,
5,513,15,3.610327,4.501408,1,2,
5,1025,16,2.266156,5.000704,1,2,
5,2049,17,1.116937,5.500352,1,2,
5,4097,18,0.676098,6.000176,1,2,
5,8193,19,0.416330,6.500088,1,2,
5,17,20,67.211737,2.043731,2,1,
5,33,21,42.928934,2.522197,2,1,
5,65,22,21.346504,3.011184,2,1,
5,129,23,12.032944,3.505614,2,1,
5,257,24,6.771021,4.002812,2,1,
5,513,25,3.592818,4.501408,2,1,
5,1025,26,1.560053,5.000704,2,1,
5,2049,27,0.793232,5.500352,2,1,
5,4097,28,0.491668,6.000176,2,1,
5,8193,29,0.281328,6.500088,2,1,
5,17,30,142.466607,1.021866,2,2,
5,33,31,115.665228,1.261099,2,2,
5,65,32,84.355062,1.505592,2,2,
5,129,33,62.907479,1.752807,2,2,
5,257,34,47.089995,2.001406,2,2,
5,513,35,34.178956,2.250704,2,2,
5,1025,36,25.367553,2.500352,2,2,
5,2049,37,18.181796,2.750176,2,2,
5,4097,38,13.837677,3.000088,2,2,
5,8193,39,10.839517,3.250044,2,2,
5,17,40,152.922861,1.021866,1,4,
5,33,41,113.657744,1.261099,1,4,
5,65,42,83.120303,1.505592,1,4,
5,129,43,62.922145,1.752807,1,4,
5,257,44,46.550291,2.001406,1,4,
5,513,45,34.523478,2.250704,1,4,
5,1025,46,24.879820,2.500352,1,4,
5,2049,47,18.261326,2.750176,1,4,
5,4097,48,13.305700,3.000088,1,4,
5,8193,49,10.579412,3.250044,1,4,
5,17,50,136.840509,1.021866,4,1,
5,33,51,104.762786,1.261099,4,1,
5,65,52,79.180916,1.505592,4,1,
5,129,53,57.759403,1.752807,4,1,
5,257,54,43.557966,2.001406,4,1,
5,513,55,30.686999,2.250704,4,1,
5,1025,56,22.998632,2.500352,4,1,
5,2049,57,16.506799,2.750176,4,1,
5,4097,58,12.188624,3.000088,4,1,
5,8193,59,9.518061,3.250044,4,1,
5,17,60,208.054192,0.510933,2,4,
5,33,61,180.605639,0.630549,2,4,
5,65,62,152.715823,0.752796,2,4,
5,129,63,136.485226,0.876403,2,4,
5,257,64,114.313116,1.000703,2,4,
5,513,65,98.246138,1.125352,2,4,
5,1025,66,84.802386,1.250176,2,4,
5,2049,67,72.035336,1.375088,2,4,
5,4097,68,62.641595,1.500044,2,4,
5,8193,69,56.129657,1.625022,2,4,
5,17,70,200.120768,0.510933,4,2,
5,33,71,176.871151,0.630549,4,2,
5,65,72,153.704222,0.752796,4,2,
5,129,73,134.622704,0.876403,4,2,
5,257,74,114.614111,1.000703,4,2,
5,513,75,96.386887,1.125352,4,2,
5,1025,76,82.247077,1.250176,4,2,
5,2049,77,71.130560,1.375088,4,2,
5,4097,78,61.171402,1.500044,4,2,
5,8193,79,54.726997,1.625022,4,2,
5,17,80,241.979791,0.255466,4,4,
5,33,81,227.528920,0.315275,4,4,
5,65,82,212.438766,0.376398,4,4,
5,129,83,194.571840,0.438202,4,4,
5,257,84,178.705256,0.500352,4,4,
5,513,85,164.151256,0.562676,4,4,
5,1025,86,151.762342,0.625088,4,4,
5,2049,87,140.029377,0.687544,4,4,
5,4097,88,130.470009,0.750022,4,4,
5,8193,89,124.140025,0.812511,4,4,
5,17,90,400000140.522422,0.510933,1,8,
5,33,91,400000118.512279,0.630549,1,8,
5,65,92,400000104.929978,0.051678,1,8,
5,129,93,400000088.527319,0.125842,1,8,
5,257,94,400000074.488071,0.200422,1,8,
5,513,95,400000064.019468,0.275211,1,8,
5,1025,96,400000055.746935,0.350106,1,8,
5,2049,97,400000047.770514,0.425053,1,8,
5,4097,98,400000041.379381,0.500026,1,8,
5,8193,99,400000037.015038,0.575013,1,8,
5,17,100,200.872284,0.510933,8,1,
5,33,101,169.731633,0.630549,8,1,
5,65,102,142.875991,0.752796,8,1,
5,129,103,121.281178,0.876403,8,1,
5,257,104,102.854897,1.000703,8,1,
5,513,105,88.844222,1.125352,8,1,
5,1025,106,74.847016,1.250176,8,1,
5,2049,107,63.893349,1.375088,8,1,
5,4097,108,54.380390,1.500044,8,1,
5,8193,109,48.893321,1.625022,8,1,
5,17,110,400000164.114294,0.255466,2,8,
5,33,111,400000153.133141,0.315275,2,8,
5,65,112,400000140.523704,-0.174161,2,8,
5,129,113,400000131.005282,-0.137079,2,8,
5,257,114,400000119.455338,-0.099789,2,8,
5,513,115,400000112.174815,-0.062394,2,8,
5,1025,116,400000102.270333,-0.024947,2,8,
5,2049,117,400000095.127941,0.012526,2,8,
5,4097,118,400000088.343371,0.050013,2,8,
5,8193,119,400000084.574705,0.087507,2,8,
5,17,120,243.363409,0.255466,8,2,
5,33,121,224.199012,0.315275,8,2,
5,65,122,207.607469,0.376398,8,2,
5,129,123,188.334015,0.438202,8,2,
5,257,124,173.453286,0.500352,8,2,
5,513,125,158.617961,0.562676,8,2,
5,1025,126,146.216068,0.625088,8,2,
5,2049,127,134.775633,0.687544,8,2,
5,4097,128,126.861632,0.750022,8,2,
5,8193,129,120.288406,0.812511,8,2,
5,17,130,267.611748,0.127733,4,8,
5,33,131,258.365152,0.157637,4,8,
5,65,132,249.518618,0.188199,4,8,
5,129,133,239.396188,0.219101,4,8,
5,257,134,229.551156,0.250176,4,8,
5,513,135,219.524699,0.281338,4,8,
5,1025,136,213.194389,0.312544,4,8,
5,2049,137,200000159.497524,0.075018,4,8,
5,4097,138,200000155.241516,0.100009,4,8,
5,8193,139,200000152.241460,0.125004,4,8,
5,17,140,266.356793,0.127733,8,4,
5,33,141,254.690719,0.157637,8,4,
5,65,142,246.912723,0.188199,8,4,
5,129,143,236.299110,0.219101,8,4,
5,257,144,228.128713,0.250176,8,4,
5,513,145,216.814050,0.281338,8,4,
5,1025,146,209.342803,0.312544,8,4,
5,2049,147,202.864161,0.343772,8,4,
5,4097,148,195.659922,0.375011,8,4,
5,8193,149,191.323976,0.406256,8,4,
5,17,150,282.073595,0.063867,8,8,
5,33,151,277.538536,0.078819,8,8,
5,65,152,200000257.615262,-0.124720,8,8,
5,129,153,200000253.015221,-0.112360,8,8,
5,257,154,200000247.654998,-0.099930,8,8,
5,513,155,400000221.783043,-0.315599,8,8,
5,1025,156,400000217.972327,-0.306237,8,8,
5,2049,157,400000215.567208,-0.296868,8,8,
5,4097,158,400000210.131054,-0.287497,8,8,
5,8193,159,400000208.247017,-0.278123,8,8,
6,17,0,21.580063,4.087463,1,1,
6,33,1,16.401539,5.044394,1,1,
6,65,2,200000002.791709,4.617894,1,1,
6,129,3,200000001.451627,5.408982,1,1,
6,257,4,200000000.350547,6.204500,1,1,
6,513,5,200000000.130444,7.002252,1,1,
6,1025,6,200000000.020350,7.801127,1,1,
6,2049,7,200000000.004250,8.600563,1,1,
6,4097,8,200000000.000814,9.400282,1,1,
6,8193,9,200000000.000814,10.200141,1,1,
6,17,10,131.160248,2.043731,1,2,
6,33,11,71.064295,2.522197,1,2,
6,65,12,36.710323,3.011184,1,2,
6,129,13,19.034951,3.505614,1,2,
6,257,14,10.054280,4.002812,1,2,
6,513,15,5.096170,4.501408,1,2,
6,1025,16,2.632885,5.000704,1,2,
6,2049,17,1.402961,5.500352,1,2,
6,4097,18,0.765663,6.000176,1,2,
6,8193,19,0.416547,6.500088,1,2,
6,17,20,122.660073,2.043731,2,1,
6,33,21,66.791209,2.522197,2,1,
6,65,22,36.048374,3.011184,2,1,
6,129,23,20.668659,3.505614,2,1,
6,257,24,10.539424,4.002812,2,1,
6,513,25,5.376539,4.501408,2,1,
6,1025,26,2.803571,5.000704,2,1,
6,2049,27,1.450293,5.500352,2,1,
6,4097,28,0.829706,6.000176,2,1,
6,8193,29,0.412685,6.500088,2,1,
6,17,30,267.908581,1.021866,2,2,
6,33,31,213.754476,1.261099,2,2,
6,65,32,148.726518,1.505592,2,2,
6,129,33,108.714615,1.752807,2,2,
6,257,34,79.477721,2.001406,2,2,
6,513,35,58.022670,2.250704,2,2,
6,1025,36,42.250134,2.500352,2,2,
6,2049,37,31.789444,2.750176,2,2,
6,4097,38,22.797993,3.000088,2,2,
6,8193,39,17.453210,3.250044,2,2,
6,17,40,266.129672,1.021866,1,4,
6,33,41,208.369087,1.261099,1,4,
6,65,42,158.446525,1.505592,1,4,
6,129,43,115.283117,1.752807,1,4,
6,257,44,82.763285,2.001406,1,4,
6,513,45,60.760430,2.250704,1,4,
6,1025,46,43.940728,2.500352,1,4,
6,2049,47,32.405328,2.750176,1,4,
6,4097,48,23.474336,3.000088,1,4,
6,8193,49,17.011012,3.250044,1,4,
6,17,50,271.151190,1.021866,4,1,
6,33,51,201.922547,1.261099,4,1,
6,65,52,149.794643,1.505592,4,1,
6,129,53,110.927880,1.752807,4,1,
6,257,54,78.279166,2.001406,4,1,
6,513,55,58.690538,2.250704,4,1,
6,1025,56,42.847197,2.500352,4,1,
6,2049,57,31.817494,2.750176,4,1,
6,4097,58,22.996988,3.000088,4,1,
6,8193,59,17.188031,3.250044,4,1,
6,17,60,379.451920,0.510933,2,4,
6,33,61,325.145079,0.630549,2,4,
6,65,62,276.648529,0.752796,2,4,
6,129,63,233.146733,0.876403,2,4,
6,257,64,196.625296,1.000703,2,4,
6,513,65,167.895154,1.125352,2,4,
6,1025,66,144.850954,1.250176,2,4,
6,2049,67,126.036449,1.375088,2,4,
6,4097,68,109.828377,1.500044,2,4,
6,8193,69,95.564053,1.625022,2,4,
6,17,70,388.948120,0.510933,4,2,
6,33,71,319.281355,0.630549,4,2,
6,65,72,276.595096,0.752796,4,2,
6,129,73,238.022257,0.876403,4,2,
6,257,74,201.339036,1.000703,4,2,
6,513,75,171.723831,1.125352,4,2,
6,1025,76,144.311022,1.250176,4,2,
6,2049,77,124.639132,1.375088,4,2,
6,4097,78,108.012980,1.500044,4,2,
6,8193,79,94.011593,1.625022,4,2,
6,17,80,453.378095,0.255466,4,4,
6,33,81,412.910957,0.315275,4,4,
6,65,82,382.341786,0.376398,4,4,
6,129,83,352.189217,0.438202,4,4,
6,257,84,311.876675,0.500352,4,4,
6,513,85,293.185135,0.562676,4,4,
6,1025,86,267.325914,0.625088,4,4,
6,2049,87,248.525313,0.687544,4,4,
6,4097,88,232.904334,0.750022,4,4,
6,8193,89,218.788768,0.812511,4,4,
6,17,90,400000248.155412,0.510933,1,8,
6,33,91,400000228.749318,0.630549,1,8,
6,65,92,400000195.036288,0.051678,1,8,
6,129,93,400000165.643939,0.125842,1,8,
6,257,94,400000147.012698,0.200422,1,8,
6,513,95,400000125.639946,0.275211,1,8,
6,1025,96,400000109.063183,0.350106,1,8,
6,2049,97,400000092.017695,0.425053,1,8,
6,4097,98,400000080.702243,0.500026,1,8,
6,8193,99,400000071.507479,0.575013,1,8,
6,17,100,382.167231,0.510933,8,1,
6,33,101,339.184906,0.630549,8,1,
6,65,102,281.473687,0.752796,8,1,
6,129,103,246.856026,0.876403,8,1,
6,257,104,208.305875,1.000703,8,1,
6,513,105,175.658310,1.125352,8,1,
6,1025,106,150.852292,1.250176,8,1,
6,2049,107,126.290613,1.375088,8,1,
6,4097,108,109.751859,1.500044,8,1,
6,8193,109,95.783684,1.625022,8,1,
6,17,110,400000308.005206,0.255466,2,8,
6,33,111,400000286.242642,0.315275,2,8,
6,65,112,400000266.125874,-0.174161,2,8,
6,129,113,400000247.831187,-0.137079,2,8,
6,257,114,400000226.852206,-0.099789,2,8,
6,513,115,400000206.969762,-0.062394,2,8,
6,1025,116,400000193.401492,-0.024947,2,8,
6,2049,117,400000177.313653,0.012526,2,8,
6,4097,118,400000166.084192,0.050013,2,8,
6,8193,119,400000158.139320,0.087507,2,8,
6,17,120,461.941185,0.255466,8,2,
6,33,121,415.628376,0.315275,8,2,
6,65,122,383.960571,0.376398,8,2,
6,129,123,350.044791,0.438202,8,2,
6,257,124,317.356129,0.500352,8,2,
6,513,125,295.962478,0.562676,8,2,
6,1025,126,271.351498,0.625088,8,2,
6,2049,127,253.517551,0.687544,8,2,
6,4097,128,236.627164,0.750022,8,2,
6,8193,129,221.051797,0.812511,8,2,
6,17,130,513.471328,0.127733,4,8,
6,33,131,478.864013,0.157637,4,8,
6,65,132,462.325125,0.188199,4,8,
6,129,133,437.092161,0.219101,4,8,
6,257,134,413.529627,0.250176,4,8,
6,513,135,401.576173,0.281338,4,8,
6,1025,136,381.525402,0.312544,4,8,
6,2049,137,372.911775,0.343772,4,8,
6,4097,138,359.763873,0.375011,4,8,
6,8193,139,345.665447,0.406256,4,8,
6,17,140,517.152884,0.127733,8,4,
6,33,141,494.342204,0.157637,8,4,
6,65,142,465.065770,0.188199,8,4,
6,129,143,443.088735,0.219101,8,4,
6,257,144,422.210189,0.250176,8,4,
6,513,145,403.705481,0.281338,8,4,
6,1025,146,388.558094,0.312544,8,4,
6,2049,147,377.791254,0.343772,8,4,
6,4097,148,361.285856,0.375011,8,4,
6,8193,149,355.285102,0.406256,8,4,
6,17,150,555.068667,0.063867,8,8,
6,33,151,534.898289,0.078819,8,8,
6,65,152,524.921708,0.094099,8,8,
6,129,153,200000444.200681,-0.112360,8,8,
6,257,154,400000295.611269,-0.324947,8,8,
6,513,155,400000289.383788,-0.315599,8,8,
6,1025,156,400000286.341232,-0.306237,8,8,
6,2049,157,400000278.362750,-0.296868,8,8,
6,4097,158,400000277.749532,-0.287497,8,8,
6,8193,159,800000170.873940,-0.759374,8,8,
7,17,0,329.441210,4.087463,1,1,
7,33,1,120.648864,5.044394,1,1,
7,65,2,37.888938,6.022368,1,1,
7,129,3,18.731170,7.011227,1,1,
7,257,4,3.966572,8.005625,1,1,
7,513,5,0.426514,9.002815,1,1,
7,1025,6,0.208915,10.001408,1,1,
7,2049,7,0.048635,11.000704,1,1,
7,4097,8,0.010213,12.000352,1,1,
7,8193,9,0.004880,13.000176,1,1,
7,17,10,826.278702,2.043731,1,2,
7,33,11,528.074932,2.522197,1,2,
7,65,12,309.131551,3.011184,1,2,
7,129,13,155.229872,3.505614,1,2,
7,257,14,76.356276,4.002812,1,2,
7,513,15,44.151499,4.501408,1,2,
7,1025,16,21.654345,5.000704,1,2,
7,2049,17,14.673113,5.500352,1,2,
7,4097,18,7.757798,6.000176,1,2,
7,8193,19,6.432955,6.500088,1,2,
7,17,20,968.896817,2.043731,2,1,
7,33,21,557.443423,2.522197,2,1,
7,65,22,276.525569,3.011184,2,1,
7,129,23,132.223082,3.505614,2,1,
7,257,24,78.604479,4.002812,2,1,
7,513,25,38.562577,4.501408,2,1,
7,1025,26,22.577905,5.000704,2,1,
7,2049,27,11.957751,5.500352,2,1,
7,4097,28,7.394350,6.000176,2,1,
7,8193,29,5.439556,6.500088,2,1,
7,17,30,2008.261086,1.021866,2,2,
7,33,31,1527.563359,1.261099,2,2,
7,65,32,1156.966215,1.505592,2,2,
7,129,33,906.566313,1.752807,2,2,
7,257,34,630.024871,2.001406,2,2,
7,513,35,468.353620,2.250704,2,2,
7,1025,36,330.181272,2.500352,2,2,
7,2049,37,249.496095,2.750176,2,2,
7,4097,38,208.811219,3.000088,2,2,
7,8193,39,183.326477,3.250044,2,2,
7,17,40,400001428.655003,1.021866,1,4,
7,33,41,400001102.171169,1.261099,1,4,
7,65,42,400000828.904269,0.503355,1,4,
7,129,43,400000609.110649,0.651684,1,4,
7,257,44,400000457.283961,0.800844,1,4,
7,513,45,400000342.539527,0.950422,1,4,
7,1025,46,400000255.180258,1.100211,1,4,
7,2049,47,400000205.175315,1.250106,1,4,
7,4097,48,400000175.338174,1.400053,1,4,
7,8193,49,400000158.189470,1.550026,1,4,
7,17,50,2236.714726,1.021866,4,1,
7,33,51,1479.381383,1.261099,4,1,
7,65,52,1125.598665,1.505592,4,1,
7,129,53,798.302077,1.752807,4,1,
7,257,54,630.595849,2.001406,4,1,
7,513,55,447.286574,2.250704,4,1,
7,1025,56,335.030342,2.500352,4,1,
7,2049,57,259.013180,2.750176,4,1,
7,4097,58,212.047461,3.000088,4,1,
7,8193,59,187.009264,3.250044,4,1,
7,17,60,2921.166451,0.510933,2,4,
7,33,61,2337.954732,0.630549,2,4,
7,65,62,2047.999979,0.752796,2,4,
7,129,63,1787.604791,0.876403,2,4,
7,257,64,1504.199560,1.000703,2,4,
7,513,65,1364.815741,1.125352,2,4,
7,1025,66,1156.607964,1.250176,2,4,
7,2049,67,998.282655,1.375088,2,4,
7,4097,68,916.352119,1.500044,2,4,
7,8193,69,871.300732,1.625022,2,4,
7,17,70,2789.978629,0.510933,4,2,
7,33,71,2498.022153,0.630549,4,2,
7,65,72,2144.765765,0.752796,4,2,
7,129,73,1856.636967,0.876403,4,2,
7,257,74,1559.140538,1.000703,4,2,
7,513,75,1366.901209,1.125352,4,2,
7,1025,76,1106.765358,1.250176,4,2,
7,2049,77,977.127199,1.375088,4,2,
7,4097,78,896.963425,1.500044,4,2,
7,8193,79,851.243175,1.625022,4,2,
7,17,80,3459.165311,0.255466,4,4,
7,33,81,3267.705902,0.315275,4,4,
7,65,82,200002505.157955,0.101118,4,4,
7,129,83,200002365.757122,0.150561,4,4,
7,257,84,200002139.856280,0.200281,4,4,
7,513,85,200002019.723164,0.250141,4,4,
7,1025,86,200001896.979493,0.300070,4,4,
7,2049,87,200001779.812850,0.350035,4,4,
7,4097,88,200001725.555835,0.400018,4,4,
7,8193,89,200001699.258499,0.450009,4,4,
7,17,90,400002108.622318,0.510933,1,8,
7,33,91,400001757.487021,0.630549,1,8,
7,65,92,400001547.557430,0.051678,1,8,
7,129,93,400001252.096952,0.125842,1,8,
7,257,94,400001103.198244,0.200422,1,8,
7,513,95,400000932.090998,0.275211,1,8,
7,1025,96,400000814.580680,0.350106,1,8,
7,2049,97,400000713.208067,0.425053,1,8,
7,4097,98,400000645.548259,0.500026,1,8,
7,8193,99,400000616.802629,0.575013,1,8,
7,17,100,2952.596441,0.510933,8,1,
7,33,101,2461.019337,0.630549,8,1,
7,65,102,2077.834369,0.752796,8,1,
7,129,103,1767.098892,0.876403,8,1,
7,257,104,1527.754244,1.000703,8,1,
7,513,105,1292.373715,1.125352,8,1,
7,1025,106,1137.408110,1.250176,8,1,
7,2049,107,1021.636310,1.375088,8,1,
7,4097,108,924.529716,1.500044,8,1,
7,8193,109,882.253109,1.625022,8,1,
7,17,110,400002571.698883,0.255466,2,8,
7,33,111,400002354.925354,0.315275,2,8,
7,65,112,400002170.409860,-0.174161,2,8,
7,129,113,400001975.283460,-0.137079,2,8,
7,257,114,400001860.131327,-0.099789,2,8,
7,513,115,400001688.953854,-0.062394,2,8,
7,1025,116,400001615.219505,-0.024947,2,8,
7,2049,117,400001479.795679,0.012526,2,8,
7,4097,118,400001402.184551,0.050013,2,8,
7,8193,119,400001386.449721,0.087507,2,8,
7,17,120,3520.314085,0.255466,8,2,
7,33,121,3282.639234,0.315275,8,2,
7,65,122,3013.115975,0.376398,8,2,
7,129,123,2658.100554,0.438202,8,2,
7,257,124,2590.165287,0.500352,8,2,
7,513,125,200001367.236205,0.250141,8,2,
7,1025,126,200001237.287214,0.300070,8,2,
7,2049,127,200001174.013150,0.350035,8,2,
7,4097,128,200001112.378588,0.400018,8,2,
7,8193,129,200001079.103490,0.450009,8,2,
7,17,130,400002950.545956,0.127733,4,8,
7,33,131,400002849.490895,0.157637,4,8,
7,65,132,600002213.988759,-0.524720,4,8,
7,129,133,600002016.496432,-0.512360,4,8,
7,257,134,600002012.850658,-0.499930,4,8,
7,513,135,800000582.717903,-0.743732,4,8,
7,1025,136,800000564.670394,-0.737491,4,8,
7,2049,137,800000550.549282,-0.731246,4,8,
7,4097,138,800000524.851186,-0.724998,4,8,
7,8193,139,800000511.792614,-0.718749,4,8,
7,17,140,3931.459447,0.127733,8,4,
7,33,141,3730.521009,0.157637,8,4,
7,65,142,3697.566219,0.188199,8,4,
7,129,143,200002051.712923,-0.024719,8,4,
7,257,144,200001969.300598,0.000141,8,4,
7,513,145,400001397.235252,-0.231197,8,4,
7,1025,146,400001335.163389,-0.212474,8,4,
7,2049,147,400001292.527119,-0.193737,8,4,
7,4097,148,400001291.123436,-0.174993,8,4,
7,8193,149,600000715.153682,-0.437498,8,4,
7,17,150,4174.219382,0.063867,8,8,
7,33,151,4131.693195,0.078819,8,8,
7,65,152,200002369.453266,-0.124720,8,8,
7,129,153,600001321.722705,-0.556180,8,8,
7,257,154,600001314.802989,-0.549965,8,8,
7,513,155,800000720.644670,-0.771866,8,8,
7,1025,156,800000719.354526,-0.768746,8,8,
7,2049,157,1000000000.000000,-1.000000,8,8,
7,4097,158,1000000000.000000,-1.000000,8,8,
7,8193,159,1000000000.000000,-1.000000,8,8,
8,17,0,68.273393,4.087463,1,1,
8,33,1,53.970181,5.044394,1,1,
8,65,2,7.400580,6.022368,1,1,
8,129,3,2.450089,7.011227,1,1,
8,257,4,0.678710,8.005625,1,1,
8,513,5,0.345560,9.002815,1,1,
8,1025,6,0.186701,10.001408,1,1,
8,2049,7,0.018373,11.000704,1,1,
8,4097,8,0.023604,12.000352,1,1,
8,8193,9,600000000.000595,4.600070,1,1,
8,17,10,362.200585,2.043731,1,2,
8,33,11,225.374151,2.522197,1,2,
8,65,12,120.709075,3.011184,1,2,
8,129,13,62.789232,3.505614,1,2,
8,257,14,40.868247,4.002812,1,2,
8,513,15,19.436811,4.501408,1,2,
8,1025,16,8.698121,5.000704,1,2,
8,2049,17,5.620143,5.500352,1,2,
8,4097,18,3.884818,6.000176,1,2,
8,8193,19,2.968879,6.500088,1,2,
8,17,20,306.424417,2.043731,2,1,
8,33,21,184.971576,2.522197,2,1,
8,65,22,92.525025,3.011184,2,1,
8,129,23,47.974060,3.505614,2,1,
8,257,24,27.823855,4.002812,2,1,
8,513,25,13.550719,4.501408,2,1,
8,1025,26,8.393405,5.000704,2,1,
8,2049,27,4.188539,5.500352,2,1,
8,4097,28,2.624960,6.000176,2,1,
8,8193,29,1.934498,6.500088,2,1,
8,17,30,749.367506,1.021866,2,2,
8,33,31,589.473160,1.261099,2,2,
8,65,32,448.722997,1.505592,2,2,
8,129,33,329.241502,1.752807,2,2,
8,257,34,252.964682,2.001406,2,2,
8,513,35,188.401593,2.250704,2,2,
8,1025,36,133.472451,2.500352,2,2,
8,2049,37,106.556470,2.750176,2,2,
8,4097,38,86.654802,3.000088,2,2,
8,8193,39,78.019654,3.250044,2,2,
8,17,40,400000422.481751,1.021866,1,4,
8,33,41,400000299.902126,1.261099,1,4,
8,65,42,400000231.215138,0.503355,1,4,
8,129,43,400000175.877664,0.651684,1,4,
8,257,44,400000129.049908,0.800844,1,4,
8,513,45,400000093.907886,0.950422,1,4,
8,1025,46,400000067.907728,1.100211,1,4,
8,2049,47,400000051.132034,1.250106,1,4,
8,4097,48,400000038.454852,1.400053,1,4,
8,8193,49,400000032.613572,1.550026,1,4,
8,17,50,741.460380,1.021866,4,1,
8,33,51,577.169905,1.261099,4,1,
8,65,52,437.535211,1.505592,4,1,
8,129,53,322.753928,1.752807,4,1,
8,257,54,233.630547,2.001406,4,1,
8,513,55,166.713543,2.250704,4,1,
8,1025,56,125.506064,2.500352,4,1,
8,2049,57,94.841309,2.750176,4,1,
8,4097,58,78.394741,3.000088,4,1,
8,8193,59,70.005807,3.250044,4,1,
8,17,60,1051.994893,0.510933,2,4,
8,33,61,956.316159,0.630549,2,4,
8,65,62,817.658260,0.752796,2,4,
8,129,63,736.328568,0.876403,2,4,
8,257,64,618.082975,1.000703,2,4,
8,513,65,533.108033,1.125352,2,4,
8,1025,66,451.165121,1.250176,2,4,
8,2049,67,408.160951,1.375088,2,4,
8,4097,68,380.952988,1.500044,2,4,
8,8193,69,358.846282,1.625022,2,4,
8,17,70,1031.436886,0.510933,4,2,
8,33,71,923.510614,0.630549,4,2,
8,65,72,813.549985,0.752796,4,2,
8,129,73,703.652222,0.876403,4,2,
8,257,74,599.003870,1.000703,4,2,
8,513,75,536.079954,1.125352,4,2,
8,1025,76,458.938311,1.250176,4,2,
8,2049,77,415.327597,1.375088,4,2,
8,4097,78,385.764342,1.500044,4,2,
8,8193,79,368.098347,1.625022,4,2,
8,17,80,1263.770061,0.255466,4,4,
8,33,81,1188.027268,0.315275,4,4,
8,65,82,1112.013628,0.376398,4,4,
8,129,83,1047.393245,0.438202,4,4,
8,257,84,985.000516,0.500352,4,4,
8,513,85,901.336634,0.562676,4,4,
8,1025,86,861.432859,0.625088,4,4,
8,2049,87,811.094685,0.687544,4,4,
8,4097,88,784.890399,0.750022,4,4,
8,8193,89,767.419941,0.812511,4,4,
8,17,90,400000603.049999,0.510933,1,8,
8,33,91,400000514.900907,0.630549,1,8,
8,65,92,400000452.440839,0.051678,1,8,
8,129,93,400000393.428409,0.125842,1,8,
8,257,94,400000330.621637,0.200422,1,8,
8,513,95,400000288.158823,0.275211,1,8,
8,1025,96,400000240.759404,0.350106,1,8,
8,2049,97,400000212.540878,0.425053,1,8,
8,4097,98,400000190.780157,0.500026,1,8,
8,8193,99,400000178.598938,0.575013,1,8,
8,17,100,1019.119405,0.510933,8,1,
8,33,101,917.145245,0.630549,8,1,
8,65,102,792.209015,0.752796,8,1,
8,129,103,690.612016,0.876403,8,1,
8,257,104,590.226288,1.000703,8,1,
8,513,105,503.761363,1.125352,8,1,
8,1025,106,438.669511,1.250176,8,1,
8,2049,107,395.082740,1.375088,8,1,
8,4097,108,366.816187,1.500044,8,1,
8,8193,109,349.493215,1.625022,8,1,
8,17,110,400000734.963172,0.255466,2,8,
8,33,111,400000688.229904,0.315275,2,8,
8,65,112,400000643.260091,-0.174161,2,8,
8,129,113,400000581.555188,-0.137079,2,8,
8,257,114,400000564.109729,-0.099789,2,8,
8,513,115,600000323.423771,-0.374930,2,8,
8,1025,116,600000299.056553,-0.349965,2,8,
8,2049,117,600000280.272332,-0.324982,2,8,
8,4097,118,600000269.863463,-0.299991,2,8,
8,8193,119,600000261.896582,-0.274996,2,8,
8,17,120,1237.197974,0.255466,8,2,
8,33,121,1175.600102,0.315275,8,2,
8,65,122,1111.358439,0.376398,8,2,
8,129,123,1042.156370,0.438202,8,2,
8,257,124,954.301440,0.500352,8,2,
8,513,125,882.057696,0.562676,8,2,
8,1025,126,835.041554,0.625088,8,2,
8,2049,127,790.528776,0.687544,8,2,
8,4097,128,764.604090,0.750022,8,2,
8,8193,129,739.843733,0.812511,8,2,
8,17,130,400000828.392274,0.127733,4,8,
8,33,131,400000808.022909,0.157637,4,8,
8,65,132,400000783.437150,-0.287081,4,8,
8,129,133,400000756.663962,-0.268539,4,8,
8,257,134,400000732.690720,-0.249895,4,8,
8,513,135,400000709.638140,-0.231197,4,8,
8,1025,136,400000693.896437,-0.212474,4,8,
8,2049,137,600000490.739406,-0.462491,4,8,
8,4097,138,600000476.818867,-0.449996,4,8,
8,8193,139,600000467.332182,-0.437498,4,8,
8,17,140,1347.810652,0.127733,8,4,
8,33,141,1328.133845,0.157637,8,4,
8,65,142,200001217.284042,-0.049441,8,4,
8,129,143,200001180.781816,-0.024719,8,4,
8,257,144,200001129.125379,0.000141,8,4,
8,513,145,200001093.530950,0.025070,8,4,
8,1025,146,200001078.965574,0.050035,8,4,
8,2049,147,200001035.777311,0.075018,8,4,
8,4097,148,200001017.687509,0.100009,8,4,
8,8193,149,200001004.963451,0.125004,8,4,
8,17,150,1444.120575,0.063867,8,8,
8,33,151,1427.888484,0.078819,8,8,
8,65,152,400000790.574374,-0.343540,8,8,
8,129,153,600000317.534367,-0.556180,8,8,
8,257,154,600000317.885064,-0.549965,8,8,
8,513,155,1000000000.000000,-1.000000,8,8,
8,1025,156,1000000000.000000,-1.000000,8,8,
8,2049,157,1000000000.000000,-1.000000,8,8,
8,4097,158,1000000000.000000,-1.000000,8,8,
8,8193,159,1000000000.000000,-1.000000,8,8,
9,17,0,172.755054,4.087463,1,1,
9,33,1,52.943181,5.044394,1,1,
9,65,2,42.035782,6.022368,1,1,
9,129,3,200000003.719919,5.408982,1,1,
9,257,4,200000001.151494,6.204500,1,1,
9,513,5,200000000.170054,7.002252,1,1,
9,1025,6,200000000.088047,7.801127,1,1,
9,2049,7,200000000.012830,8.600563,1,1,
9,4097,8,200000000.005509,9.400282,1,1,
9,8193,9,200000000.002299,10.200141,1,1,
9,17,10,847.054683,2.043731,1,2,
9,33,11,437.467494,2.522197,1,2,
9,65,12,274.078589,3.011184,1,2,
9,129,13,176.790964,3.505614,1,2,
9,257,14,79.633106,4.002812,1,2,
9,513,15,38.434240,4.501408,1,2,
9,1025,16,21.537411,5.000704,1,2,
9,2049,17,12.556163,5.500352,1,2,
9,4097,18,6.741213,6.000176,1,2,
9,8193,19,5.045684,6.500088,1,2,
9,17,20,1046.756594,2.043731,2,1,
9,33,21,533.099411,2.522197,2,1,
9,65,22,314.806417,3.011184,2,1,
9,129,23,169.425562,3.505614,2,1,
9,257,24,104.188010,4.002812,2,1,
9,513,25,48.605913,4.501408,2,1,
9,1025,26,24.174550,5.000704,2,1,
9,2049,27,13.529541,5.500352,2,1,
9,4097,28,8.155778,6.000176,2,1,
9,8193,29,5.863002,6.500088,2,1,
9,17,30,1999.530150,1.021866,2,2,
9,33,31,1438.763494,1.261099,2,2,
9,65,32,1086.860161,1.505592,2,2,
9,129,33,793.120640,1.752807,2,2,
9,257,34,602.748767,2.001406,2,2,
9,513,35,445.525328,2.250704,2,2,
9,1025,36,327.702268,2.500352,2,2,
9,2049,37,246.200855,2.750176,2,2,
9,4097,38,193.538085,3.000088,2,2,
9,8193,39,169.400970,3.250044,2,2,
9,17,40,400001538.250890,1.021866,1,4,
9,33,41,400001134.736332,1.261099,1,4,
9,65,42,400000684.221289,0.503355,1,4,
9,129,43,400000515.953745,0.651684,1,4,
9,257,44,400000407.813092,0.800844,1,4,
9,513,45,400000278.848348,0.950422,1,4,
9,1025,46,400000206.938410,1.100211,1,4,
9,2049,47,400000162.767722,1.250106,1,4,
9,4097,48,400000126.404158,1.400053,1,4,
9,8193,49,400000112.662583,1.550026,1,4,
9,17,50,2487.682252,1.021866,4,1,
9,33,51,1901.235979,1.261099,4,1,
9,65,52,1351.260353,1.505592,4,1,
9,129,53,1070.467709,1.752807,4,1,
9,257,54,804.166647,2.001406,4,1,
9,513,55,594.765565,2.250704,4,1,
9,1025,56,404.887417,2.500352,4,1,
9,2049,57,319.307850,2.750176,4,1,
9,4097,58,267.564931,3.000088,4,1,
9,8193,59,242.169333,3.250044,4,1,
9,17,60,2914.469956,0.510933,2,4,
9,33,61,2335.627784,0.630549,2,4,
9,65,62,2007.313039,0.752796,2,4,
9,129,63,1617.875591,0.876403,2,4,
9,257,64,1371.418174,1.000703,2,4,
9,513,65,1163.246614,1.125352,2,4,
9,1025,66,974.651362,1.250176,2,4,
9,2049,67,860.633409,1.375088,2,4,
9,4097,68,755.064755,1.500044,2,4,
9,8193,69,720.495866,1.625022,2,4,
9,17,70,3352.957642,0.510933,4,2,
9,33,71,2834.418912,0.630549,4,2,
9,65,72,2454.615327,0.752796,4,2,
9,129,73,2087.947377,0.876403,4,2,
9,257,74,1820.597721,1.000703,4,2,
9,513,75,1547.592168,1.125352,4,2,
9,1025,76,1346.032010,1.250176,4,2,
9,2049,77,1171.249375,1.375088,4,2,
9,4097,78,1095.976356,1.500044,4,2,
9,8193,79,1034.465800,1.625022,4,2,
9,17,80,3923.074734,0.255466,4,4,
9,33,81,3550.914494,0.315275,4,4,
9,65,82,3336.484348,0.376398,4,4,
9,129,83,2962.988618,0.438202,4,4,
9,257,84,2643.457979,0.500352,4,4,
9,513,85,2409.615912,0.562676,4,4,
9,1025,86,2284.167568,0.625088,4,4,
9,2049,87,200001745.525805,0.350035,4,4,
9,4097,88,200001671.562562,0.400018,4,4,
9,8193,89,200001624.117424,0.450009,4,4,
9,17,90,400002230.112408,0.510933,1,8,
9,33,91,400001640.970282,0.630549,1,8,
9,65,92,400001240.290294,0.051678,1,8,
9,129,93,400001039.745266,0.125842,1,8,
9,257,94,400000930.597665,0.200422,1,8,
9,513,95,400000769.644042,0.275211,1,8,
9,1025,96,400000677.302125,0.350106,1,8,
9,2049,97,400000586.419451,0.425053,1,8,
9,4097,98,400000518.762307,0.500026,1,8,
9,8193,99,400000499.841792,0.575013,1,8,
9,17,100,3703.363580,0.510933,8,1,
9,33,101,3143.967674,0.630549,8,1,
9,65,102,2696.264063,0.752796,8,1,
9,129,103,2375.902273,0.876403,8,1,
9,257,104,1981.797773,1.000703,8,1,
9,513,105,1685.239502,1.125352,8,1,
9,1025,106,1457.478786,1.250176,8,1,
9,2049,107,1372.598636,1.375088,8,1,
9,4097,108,1238.054131,1.500044,8,1,
9,8193,109,1181.015530,1.625022,8,1,
9,17,110,400003112.882010,0.255466,2,8,
9,33,111,400002284.560047,0.315275,2,8,
9,65,112,400001992.472488,-0.174161,2,8,
9,129,113,600001257.593135,-0.424719,2,8,
9,257,114,600001060.742208,-0.399859,2,8,
9,513,115,600000953.247690,-0.374930,2,8,
9,1025,116,600000876.833262,-0.349965,2,8,
9,2049,117,600000827.018067,-0.324982,2,8,
9,4097,118,600000805.184384,-0.299991,2,8,
9,8193,119,600000787.177457,-0.274996,2,8,
9,17,120,4359.492963,0.255466,8,2,
9,33,121,3881.838688,0.315275,8,2,
9,65,122,3492.399389,0.376398,8,2,
9,129,123,3299.787761,0.438202,8,2,
9,257,124,3082.750983,0.500352,8,2,
9,513,125,2856.279253,0.562676,8,2,
9,1025,126,2684.681619,0.625088,8,2,
9,2049,127,2453.671523,0.687544,8,2,
9,4097,128,2379.950102,0.750022,8,2,
9,8193,129,2342.784891,0.812511,8,2,
9,17,130,400003654.109350,0.127733,4,8,
9,33,131,400003409.406759,0.157637,4,8,
9,65,132,400003197.644231,-0.287081,4,8,
9,129,133,400002948.252090,-0.268539,4,8,
9,257,134,600002514.270626,-0.499930,4,8,
9,513,135,600002446.207966,-0.487465,4,8,
9,1025,136,600002322.729401,-0.474982,4,8,
9,2049,137,600002271.596014,-0.462491,4,8,
9,4097,138,600002250.751081,-0.449996,4,8,
9,8193,139,600002219.793308,-0.437498,4,8,
9,17,140,4617.182146,0.127733,8,4,
9,33,141,4380.658642,0.157637,8,4,
9,65,142,4119.878941,0.188199,8,4,
9,129,143,200003343.901416,-0.024719,8,4,
9,257,144,200003247.783627,0.000141,8,4,
9,513,145,400002823.471138,-0.231197,8,4,
9,1025,146,400002724.951724,-0.212474,8,4,
9,2049,147,600002397.753965,-0.462491,8,4,
9,4097,148,600002383.444705,-0.449996,8,4,
9,8193,149,800000310.166404,-0.718749,8,4,
9,17,150,4966.248739,0.063867,8,8,
9,33,151,4860.681667,0.078819,8,8,
9,65,152,200004572.074607,-0.124720,8,8,
9,129,153,600000847.946384,-0.556180,8,8,
9,257,154,600000841.998401,-0.549965,8,8,
9,513,155,800000408.605860,-0.771866,8,8,
9,1025,156,1000000000.000000,-1.000000,8,8,
9,2049,157,1000000000.000000,-1.000000,8,8,
9,4097,158,1000000000.000000,-1.000000,8,8,
9,8193,159,1000000000.000000,-1.000000,8,8,
