0,17,0,1650.952813,4.087463,1,1,
0,33,1,396.391617,5.044394,1,1,
0,65,2,101.818658,6.022368,1,1,
0,129,3,28.874218,7.011227,1,1,
0,257,4,7.569092,8.005625,1,1,
0,513,5,2.122209,9.002815,1,1,
0,1025,6,0.557408,10.001408,1,1,
0,2049,7,0.145320,11.000704,1,1,
0,4097,8,0.036208,12.000352,1,1,
0,8193,9,0.009838,13.000176,1,1,
0,17,10,9915.724390,2.043731,1,2,
0,33,11,5664.166336,2.522197,1,2,
0,65,12,2932.702464,3.011184,1,2,
0,129,13,1458.543238,3.505614,1,2,
0,257,14,720.428750,4.002812,1,2,
0,513,15,341.005277,4.501408,1,2,
0,1025,16,149.248131,5.000704,1,2,
0,2049,17,63.701925,5.500352,1,2,
0,4097,18,24.316049,6.000176,1,2,
0,8193,19,9.140026,6.500088,1,2,
0,17,20,9784.418974,2.043731,2,1,
0,33,21,5340.660146,2.522197,2,1,
0,65,22,2752.844959,3.011184,2,1,
0,129,23,1446.923243,3.505614,2,1,
0,257,24,697.693749,4.002812,2,1,
0,513,25,327.925938,4.501408,2,1,
0,1025,26,153.628939,5.000704,2,1,
0,2049,27,62.091903,5.500352,2,1,
0,4097,28,24.072021,6.000176,2,1,
0,8193,29,9.295378,6.500088,2,1,
0,17,30,21748.371603,1.021866,2,2,
0,33,31,16067.087878,1.261099,2,2,
0,65,32,11829.221507,1.505592,2,2,
0,129,33,7950.364756,1.752807,2,2,
0,257,34,5378.830868,2.001406,2,2,
0,513,35,3457.759941,2.250704,2,2,
0,1025,36,1968.184035,2.500352,2,2,
0,2049,37,1015.922215,2.750176,2,2,
0,4097,38,422.570799,3.000088,2,2,
0,8193,39,151.740619,3.250044,2,2,
0,17,40,24487.864681,1.021866,1,4,
0,33,41,17545.736604,1.261099,1,4,
0,65,42,12694.295116,1.505592,1,4,
0,129,43,9078.825805,1.752807,1,4,
0,257,44,5992.823425,2.001406,1,4,
0,513,45,3928.315372,2.250704,1,4,
0,1025,46,2425.896787,2.500352,1,4,
0,2049,47,1369.461425,2.750176,1,4,
0,4097,48,785.708077,3.000088,1,4,
0,8193,49,464.927256,3.250044,1,4,
0,17,50,23174.433288,1.021866,4,1,
0,33,51,16395.942054,1.261099,4,1,
0,65,52,11826.063597,1.505592,4,1,
0,129,53,8104.932676,1.752807,4,1,
0,257,54,5472.914876,2.001406,4,1,
0,513,55,3484.096963,2.250704,4,1,
0,1025,56,2023.137162,2.500352,4,1,
0,2049,57,1037.251088,2.750176,4,1,
0,4097,58,442.826181,3.000088,4,1,
0,8193,59,161.639439,3.250044,4,1,
0,17,60,36656.201705,0.510933,2,4,
0,33,61,28897.648944,0.630549,2,4,
0,65,62,22440.032018,0.752796,2,4,
0,129,63,17670.686961,0.876403,2,4,
0,257,64,13507.729788,1.000703,2,4,
0,513,65,8994.828794,1.125352,2,4,
0,1025,66,5722.087428,1.250176,2,4,
0,2049,67,2520.024979,1.375088,2,4,
0,4097,68,1029.658068,1.500044,2,4,
0,8193,69,309.429386,1.625022,2,4,
0,17,70,35815.443783,0.510933,4,2,
0,33,71,27741.644725,0.630549,4,2,
0,65,72,22217.409028,0.752796,4,2,
0,129,73,17577.719787,0.876403,4,2,
0,257,74,13102.133829,1.000703,4,2,
0,513,75,9124.146923,1.125352,4,2,
0,1025,76,5325.446586,1.250176,4,2,
0,2049,77,2689.775794,1.375088,4,2,
0,4097,78,1079.479864,1.500044,4,2,
0,8193,79,330.384279,1.625022,4,2,
0,17,80,46371.008440,0.255466,4,4,
0,33,81,38827.204854,0.315275,4,4,
0,65,82,31873.909026,0.376398,4,4,
0,129,83,26969.585400,0.438202,4,4,
0,257,84,20624.166536,0.500352,4,4,
0,513,85,13619.849403,0.562676,4,4,
0,1025,86,6904.368924,0.625088,4,4,
0,2049,87,3181.877304,0.687544,4,4,
0,4097,88,1011.461281,0.750022,4,4,
0,8193,89,245.976907,0.812511,4,4,
0,17,90,42592.431662,0.510933,1,8,
0,33,91,33979.775805,0.630549,1,8,
0,65,92,27453.865314,0.752796,1,8,
0,129,93,21269.954226,0.876403,1,8,
0,257,94,16060.025499,1.000703,1,8,
0,513,95,11236.064128,1.125352,1,8,
0,1025,96,7406.612019,1.250176,1,8,
0,2049,97,4246.797188,1.375088,1,8,
0,4097,98,2311.973603,1.500044,1,8,
0,8193,99,1545.229148,1.625022,1,8,
0,17,100,40377.608553,0.510933,8,1,
0,33,101,32054.034180,0.630549,8,1,
0,65,102,25069.298935,0.752796,8,1,
0,129,103,19593.822108,0.876403,8,1,
0,257,104,14476.615661,1.000703,8,1,
0,513,105,10007.127989,1.125352,8,1,
0,1025,106,5934.584293,1.250176,8,1,
0,2049,107,2784.451061,1.375088,8,1,
0,4097,108,1109.900829,1.500044,8,1,
0,8193,109,321.793072,1.625022,8,1,
0,17,110,54005.623173,0.255466,2,8,
0,33,111,42548.030170,0.315275,2,8,
0,65,112,35536.496977,0.376398,2,8,
0,129,113,28999.213266,0.438202,2,8,
0,257,114,22293.581205,0.500352,2,8,
0,513,115,15141.240397,0.562676,2,8,
0,1025,116,8813.140126,0.625088,2,8,
0,2049,117,4333.679745,0.687544,2,8,
0,4097,118,2266.437011,0.750022,2,8,
0,8193,119,1509.428980,0.812511,2,8,
0,17,120,51669.889330,0.255466,8,2,
0,33,121,41492.247048,0.315275,8,2,
0,65,122,33885.136830,0.376398,8,2,
0,129,123,27922.345125,0.438202,8,2,
0,257,124,22044.018626,0.500352,8,2,
0,513,125,14524.315379,0.562676,8,2,
0,1025,126,8581.446679,0.625088,8,2,
0,2049,127,3240.839876,0.687544,8,2,
0,4097,128,967.761766,0.750022,8,2,
0,8193,129,249.728476,0.812511,8,2,
0,17,130,62940.521479,0.127733,4,8,
0,33,131,54542.239126,0.157637,4,8,
0,65,132,44198.993049,0.188199,4,8,
0,129,133,36883.465822,0.219101,4,8,
0,257,134,26849.778146,0.250176,4,8,
0,513,135,15029.666896,0.281338,4,8,
0,1025,136,6494.155731,0.312544,4,8,
0,2049,137,3288.785649,0.343772,4,8,
0,4097,138,1907.320577,0.375011,4,8,
0,8193,139,1386.800290,0.406256,4,8,
0,17,140,59958.311676,0.127733,8,4,
0,33,141,50645.324070,0.157637,8,4,
0,65,142,43994.891043,0.188199,8,4,
0,129,143,35392.674496,0.219101,8,4,
0,257,144,26065.040093,0.250176,8,4,
0,513,145,14585.887593,0.281338,8,4,
0,1025,146,6861.571390,0.312544,8,4,
0,2049,147,2217.860536,0.343772,8,4,
0,4097,148,640.290019,0.375011,8,4,
0,8193,149,182.379150,0.406256,8,4,
0,17,150,73561.209394,0.063867,8,8,
0,33,151,61707.200493,0.078819,8,8,
0,65,152,52021.672379,0.094099,8,8,
0,129,153,40063.376702,0.109550,8,8,
0,257,154,24387.807185,0.125088,8,8,
0,513,155,9814.304932,0.140669,8,8,
0,1025,156,3899.667056,0.156272,8,8,
0,2049,157,590.113931,0.171886,8,8,
0,4097,158,311.238936,0.187506,8,8,
0,8193,159,21.405141,0.203128,8,8,
1,17,0,6.458481,4.087463,1,1,
1,33,1,1.796507,5.044394,1,1,
1,65,2,0.554000,6.022368,1,1,
1,129,3,0.674702,7.011227,1,1,
1,257,4,0.039563,8.005625,1,1,
1,513,5,0.011981,9.002815,1,1,
1,1025,6,0.005261,10.001408,1,1,
1,2049,7,0.001304,11.000704,1,1,
1,4097,8,0.000883,12.000352,1,1,
1,8193,9,0.000848,13.000176,1,1,
1,17,10,35.227667,2.043731,1,2,
1,33,11,20.031785,2.522197,1,2,
1,65,12,10.690559,3.011184,1,2,
1,129,13,5.676113,3.505614,1,2,
1,257,14,3.003846,4.002812,1,2,
1,513,15,1.641756,4.501408,1,2,
1,1025,16,0.875558,5.000704,1,2,
1,2049,17,0.445923,5.500352,1,2,
1,4097,18,0.286874,6.000176,1,2,
1,8193,19,0.145436,6.500088,1,2,
1,17,20,35.480998,2.043731,2,1,
1,33,21,18.505263,2.522197,2,1,
1,65,22,10.227615,3.011184,2,1,
1,129,23,5.528482,3.505614,2,1,
1,257,24,2.865470,4.002812,2,1,
1,513,25,1.504918,4.501408,2,1,
1,1025,26,0.852173,5.000704,2,1,
1,2049,27,0.490678,5.500352,2,1,
1,4097,28,0.270420,6.000176,2,1,
1,8193,29,0.129406,6.500088,2,1,
1,17,30,77.853261,1.021866,2,2,
1,33,31,56.235992,1.261099,2,2,
1,65,32,41.220063,1.505592,2,2,
1,129,33,29.203758,1.752807,2,2,
1,257,34,21.481535,2.001406,2,2,
1,513,35,14.999064,2.250704,2,2,
1,1025,36,10.386940,2.500352,2,2,
1,2049,37,7.079968,2.750176,2,2,
1,4097,38,4.874236,3.000088,2,2,
1,8193,39,3.567414,3.250044,2,2,
1,17,40,80.018312,1.021866,1,4,
1,33,41,59.671400,1.261099,1,4,
1,65,42,44.842927,1.505592,1,4,
1,129,43,31.885603,1.752807,1,4,
1,257,44,22.037706,2.001406,1,4,
1,513,45,15.455619,2.250704,1,4,
1,1025,46,10.526066,2.500352,1,4,
1,2049,47,7.049967,2.750176,1,4,
1,4097,48,5.028327,3.000088,1,4,
1,8193,49,4.217138,3.250044,1,4,
1,17,50,76.790961,1.021866,4,1,
1,33,51,52.400123,1.261099,4,1,
1,65,52,40.453811,1.505592,4,1,
1,129,53,28.086462,1.752807,4,1,
1,257,54,20.127633,2.001406,4,1,
1,513,55,14.338107,2.250704,4,1,
1,1025,56,10.132039,2.500352,4,1,
1,2049,57,7.087452,2.750176,4,1,
1,4097,58,5.982113,3.000088,4,1,
1,8193,59,3.620756,3.250044,4,1,
1,17,60,108.310100,0.510933,2,4,
1,33,61,93.848729,0.630549,2,4,
1,65,62,77.444544,0.752796,2,4,
1,129,63,64.710733,0.876403,2,4,
1,257,64,51.462319,1.000703,2,4,
1,513,65,45.099014,1.125352,2,4,
1,1025,66,35.125582,1.250176,2,4,
1,2049,67,23.740988,1.375088,2,4,
1,4097,68,16.986678,1.500044,2,4,
1,8193,69,14.636905,1.625022,2,4,
1,17,70,111.972040,0.510933,4,2,
1,33,71,94.713166,0.630549,4,2,
1,65,72,73.208434,0.752796,4,2,
1,129,73,60.335226,0.876403,4,2,
1,257,74,49.546215,1.000703,4,2,
1,513,75,40.276273,1.125352,4,2,
1,1025,76,34.193236,1.250176,4,2,
1,2049,77,26.717355,1.375088,4,2,
1,4097,78,20.084565,1.500044,4,2,
1,8193,79,15.282580,1.625022,4,2,
1,17,80,141.912717,0.255466,4,4,
1,33,81,117.893109,0.315275,4,4,
1,65,82,110.803907,0.376398,4,4,
1,129,83,94.677151,0.438202,4,4,
1,257,84,81.854266,0.500352,4,4,
1,513,85,65.658664,0.562676,4,4,
1,1025,86,52.577456,0.625088,4,4,
1,2049,87,39.689644,0.687544,4,4,
1,4097,88,29.996309,0.750022,4,4,
1,8193,89,25.094050,0.812511,4,4,
1,17,90,112.064012,0.510933,1,8,
1,33,91,95.320634,0.630549,1,8,
1,65,92,85.689811,0.752796,1,8,
1,129,93,68.171712,0.876403,1,8,
1,257,94,54.545137,1.000703,1,8,
1,513,95,41.522605,1.125352,1,8,
1,1025,96,31.237347,1.250176,1,8,
1,2049,97,23.052741,1.375088,1,8,
1,4097,98,19.670847,1.500044,1,8,
1,8193,99,12.769954,1.625022,1,8,
1,17,100,111.009052,0.510933,8,1,
1,33,101,91.351261,0.630549,8,1,
1,65,102,79.116870,0.752796,8,1,
1,129,103,64.469854,0.876403,8,1,
1,257,104,53.511729,1.000703,8,1,
1,513,105,40.478328,1.125352,8,1,
1,1025,106,35.145718,1.250176,8,1,
1,2049,107,24.524015,1.375088,8,1,
1,4097,108,18.124331,1.500044,8,1,
1,8193,109,13.609372,1.625022,8,1,
1,17,110,139.750304,0.255466,2,8,
1,33,111,120.571992,0.315275,2,8,
1,65,112,107.918875,0.376398,2,8,
1,129,113,94.952272,0.438202,2,8,
1,257,114,81.822414,0.500352,2,8,
1,513,115,68.896811,0.562676,2,8,
1,1025,116,52.189178,0.625088,2,8,
1,2049,117,39.711195,0.687544,2,8,
1,4097,118,29.225527,0.750022,2,8,
1,8193,119,25.765338,0.812511,2,8,
1,17,120,142.331963,0.255466,8,2,
1,33,121,126.283443,0.315275,8,2,
1,65,122,104.249382,0.376398,8,2,
1,129,123,91.544090,0.438202,8,2,
1,257,124,79.464695,0.500352,8,2,
1,513,125,67.008206,0.562676,8,2,
1,1025,126,53.326690,0.625088,8,2,
1,2049,127,41.356963,0.687544,8,2,
1,4097,128,30.886989,0.750022,8,2,
1,8193,129,26.507638,0.812511,8,2,
1,17,130,153.414290,0.127733,4,8,
1,33,131,142.413493,0.157637,4,8,
1,65,132,132.358545,0.188199,4,8,
1,129,133,120.410581,0.219101,4,8,
1,257,134,102.020658,0.250176,4,8,
1,513,135,90.298049,0.281338,4,8,
1,1025,136,67.130194,0.312544,4,8,
1,2049,137,51.085246,0.343772,4,8,
1,4097,138,39.683369,0.375011,4,8,
1,8193,139,30.339632,0.406256,4,8,
1,17,140,154.476440,0.127733,8,4,
1,33,141,145.321593,0.157637,8,4,
1,65,142,132.387246,0.188199,8,4,
1,129,143,121.457749,0.219101,8,4,
1,257,144,101.147628,0.250176,8,4,
1,513,145,89.872072,0.281338,8,4,
1,1025,146,69.740670,0.312544,8,4,
1,2049,147,51.528438,0.343772,8,4,
1,4097,148,38.982766,0.375011,8,4,
1,8193,149,30.858809,0.406256,8,4,
1,17,150,162.441584,0.063867,8,8,
1,33,151,156.137267,0.078819,8,8,
1,65,152,146.701017,0.094099,8,8,
1,129,153,136.068386,0.109550,8,8,
1,257,154,115.052254,0.125088,8,8,
1,513,155,92.930479,0.140669,8,8,
1,1025,156,72.899754,0.156272,8,8,
1,2049,157,56.623838,0.171886,8,8,
1,4097,158,44.252668,0.187506,8,8,
1,8193,159,35.146491,0.203128,8,8,
2,17,0,1.351136,4.087463,1,1,
2,33,1,0.499675,5.044394,1,1,
2,65,2,0.354933,6.022368,1,1,
2,129,3,0.044547,7.011227,1,1,
2,257,4,0.011201,8.005625,1,1,
2,513,5,0.004617,9.002815,1,1,
2,1025,6,0.001792,10.001408,1,1,
2,2049,7,0.000861,11.000704,1,1,
2,4097,8,0.000838,12.000352,1,1,
2,8193,9,0.000836,13.000176,1,1,
2,17,10,9.224408,2.043731,1,2,
2,33,11,5.032737,2.522197,1,2,
2,65,12,4.024802,3.011184,1,2,
2,129,13,1.771368,3.505614,1,2,
2,257,14,1.147880,4.002812,1,2,
2,513,15,0.504965,4.501408,1,2,
2,1025,16,0.402148,5.000704,1,2,
2,2049,17,0.210352,5.500352,1,2,
2,4097,18,0.110612,6.000176,1,2,
2,8193,19,0.084491,6.500088,1,2,
2,17,20,9.773443,2.043731,2,1,
2,33,21,5.157559,2.522197,2,1,
2,65,22,3.892402,3.011184,2,1,
2,129,23,1.711388,3.505614,2,1,
2,257,24,1.168041,4.002812,2,1,
2,513,25,0.757799,4.501408,2,1,
2,1025,26,0.351760,5.000704,2,1,
2,2049,27,0.217858,5.500352,2,1,
2,4097,28,0.112235,6.000176,2,1,
2,8193,29,0.072205,6.500088,2,1,
2,17,30,20.186240,1.021866,2,2,
2,33,31,16.329251,1.261099,2,2,
2,65,32,13.635658,1.505592,2,2,
2,129,33,10.555662,1.752807,2,2,
2,257,34,8.099641,2.001406,2,2,
2,513,35,6.074609,2.250704,2,2,
2,1025,36,3.869175,2.500352,2,2,
2,2049,37,3.667438,2.750176,2,2,
2,4097,38,2.932310,3.000088,2,2,
2,8193,39,2.445085,3.250044,2,2,
2,17,40,20.984692,1.021866,1,4,
2,33,41,15.789927,1.261099,1,4,
2,65,42,12.050547,1.505592,1,4,
2,129,43,10.420015,1.752807,1,4,
2,257,44,6.814582,2.001406,1,4,
2,513,45,5.241316,2.250704,1,4,
2,1025,46,3.801142,2.500352,1,4,
2,2049,47,2.958753,2.750176,1,4,
2,4097,48,2.209610,3.000088,1,4,
2,8193,49,1.808248,3.250044,1,4,
2,17,50,19.879379,1.021866,4,1,
2,33,51,14.573268,1.261099,4,1,
2,65,52,11.860682,1.505592,4,1,
2,129,53,9.067440,1.752807,4,1,
2,257,54,6.687879,2.001406,4,1,
2,513,55,4.981626,2.250704,4,1,
2,1025,56,4.365024,2.500352,4,1,
2,2049,57,3.555818,2.750176,4,1,
2,4097,58,2.183011,3.000088,4,1,
2,8193,59,1.702993,3.250044,4,1,
2,17,60,30.540545,0.510933,2,4,
2,33,61,26.419300,0.630549,2,4,
2,65,62,22.686972,0.752796,2,4,
2,129,63,20.823136,0.876403,2,4,
2,257,64,18.000901,1.000703,2,4,
2,513,65,13.634501,1.125352,2,4,
2,1025,66,11.204451,1.250176,2,4,
2,2049,67,10.901953,1.375088,2,4,
2,4097,68,7.898736,1.500044,2,4,
2,8193,69,8.133813,1.625022,2,4,
2,17,70,30.193301,0.510933,4,2,
2,33,71,26.753785,0.630549,4,2,
2,65,72,22.109775,0.752796,4,2,
2,129,73,20.181380,0.876403,4,2,
2,257,74,15.810868,1.000703,4,2,
2,513,75,13.280224,1.125352,4,2,
2,1025,76,12.665374,1.250176,4,2,
2,2049,77,9.249776,1.375088,4,2,
2,4097,78,9.025498,1.500044,4,2,
2,8193,79,8.162649,1.625022,4,2,
2,17,80,36.080579,0.255466,4,4,
2,33,81,33.601469,0.315275,4,4,
2,65,82,30.908812,0.376398,4,4,
2,129,83,29.268315,0.438202,4,4,
2,257,84,26.333536,0.500352,4,4,
2,513,85,23.692685,0.562676,4,4,
2,1025,86,20.515797,0.625088,4,4,
2,2049,87,18.063788,0.687544,4,4,
2,4097,88,16.264086,0.750022,4,4,
2,8193,89,14.950026,0.812511,4,4,
2,17,90,30.617455,0.510933,1,8,
2,33,91,26.251455,0.630549,1,8,
2,65,92,23.756761,0.752796,1,8,
2,129,93,20.665920,0.876403,1,8,
2,257,94,15.929962,1.000703,1,8,
2,513,95,15.198169,1.125352,1,8,
2,1025,96,11.054778,1.250176,1,8,
2,2049,97,9.194261,1.375088,1,8,
2,4097,98,9.310188,1.500044,1,8,
2,8193,99,6.754417,1.625022,1,8,
2,17,100,30.615458,0.510933,8,1,
2,33,101,24.856622,0.630549,8,1,
2,65,102,20.854294,0.752796,8,1,
2,129,103,19.724113,0.876403,8,1,
2,257,104,15.243785,1.000703,8,1,
2,513,105,14.577707,1.125352,8,1,
2,1025,106,11.010349,1.250176,8,1,
2,2049,107,9.213833,1.375088,8,1,
2,4097,108,9.530635,1.500044,8,1,
2,8193,109,8.496566,1.625022,8,1,
2,17,110,36.540062,0.255466,2,8,
2,33,111,33.967635,0.315275,2,8,
2,65,112,31.091782,0.376398,2,8,
2,129,113,28.985346,0.438202,2,8,
2,257,114,26.411268,0.500352,2,8,
2,513,115,23.716498,0.562676,2,8,
2,1025,116,18.498258,0.625088,2,8,
2,2049,117,17.921812,0.687544,2,8,
2,4097,118,16.304249,0.750022,2,8,
2,8193,119,14.770488,0.812511,2,8,
2,17,120,36.138707,0.255466,8,2,
2,33,121,33.381718,0.315275,8,2,
2,65,122,31.230879,0.376398,8,2,
2,129,123,28.398306,0.438202,8,2,
2,257,124,26.149350,0.500352,8,2,
2,513,125,23.442643,0.562676,8,2,
2,1025,126,21.226020,0.625088,8,2,
2,2049,127,18.071456,0.687544,8,2,
2,4097,128,16.163632,0.750022,8,2,
2,8193,129,13.030562,0.812511,8,2,
2,17,130,39.415743,0.127733,4,8,
2,33,131,37.725219,0.157637,4,8,
2,65,132,35.936962,0.188199,4,8,
2,129,133,33.914779,0.219101,4,8,
2,257,134,31.658882,0.250176,4,8,
2,513,135,29.371810,0.281338,4,8,
2,1025,136,24.827563,0.312544,4,8,
2,2049,137,23.757383,0.343772,4,8,
2,4097,138,21.731158,0.375011,4,8,
2,8193,139,19.968566,0.406256,4,8,
2,17,140,39.638535,0.127733,8,4,
2,33,141,37.606515,0.157637,8,4,
2,65,142,36.136877,0.188199,8,4,
2,129,143,34.268170,0.219101,8,4,
2,257,144,31.805640,0.250176,8,4,
2,513,145,29.259108,0.281338,8,4,
2,1025,146,26.278429,0.312544,8,4,
2,2049,147,23.345840,0.343772,8,4,
2,4097,148,21.994296,0.375011,8,4,
2,8193,149,20.232674,0.406256,8,4,
2,17,150,41.181597,0.063867,8,8,
2,33,151,40.136241,0.078819,8,8,
2,65,152,38.924863,0.094099,8,8,
2,129,153,36.919159,0.109550,8,8,
2,257,154,34.836925,0.125088,8,8,
2,513,155,33.230755,0.140669,8,8,
2,1025,156,29.409096,0.156272,8,8,
2,2049,157,27.108094,0.171886,8,8,
2,4097,158,25.724201,0.187506,8,8,
2,8193,159,24.122484,0.203128,8,8,
3,17,0,4.048550,4.087463,1,1,
3,33,1,1.635363,5.044394,1,1,
3,65,2,0.329254,6.022368,1,1,
3,129,3,0.092524,7.011227,1,1,
3,257,4,0.032316,8.005625,1,1,
3,513,5,0.014601,9.002815,1,1,
3,1025,6,0.003039,10.001408,1,1,
3,2049,7,0.001198,11.000704,1,1,
3,4097,8,0.000862,12.000352,1,1,
3,8193,9,0.000837,13.000176,1,1,
3,17,10,26.287231,2.043731,1,2,
3,33,11,15.466143,2.522197,1,2,
3,65,12,8.631435,3.011184,1,2,
3,129,13,4.872542,3.505614,1,2,
3,257,14,2.437822,4.002812,1,2,
3,513,15,1.313535,4.501408,1,2,
3,1025,16,0.756730,5.000704,1,2,
3,2049,17,0.415019,5.500352,1,2,
3,4097,18,0.224341,6.000176,1,2,
3,8193,19,0.119116,6.500088,1,2,
3,17,20,25.873873,2.043731,2,1,
3,33,21,16.051024,2.522197,2,1,
3,65,22,7.483772,3.011184,2,1,
3,129,23,3.993654,3.505614,2,1,
3,257,24,2.237240,4.002812,2,1,
3,513,25,1.258158,4.501408,2,1,
3,1025,26,0.684350,5.000704,2,1,
3,2049,27,0.400061,5.500352,2,1,
3,4097,28,0.211958,6.000176,2,1,
3,8193,29,0.123256,6.500088,2,1,
3,17,30,58.716530,1.021866,2,2,
3,33,31,42.285131,1.261099,2,2,
3,65,32,32.126800,1.505592,2,2,
3,129,33,22.940548,1.752807,2,2,
3,257,34,17.087077,2.001406,2,2,
3,513,35,11.969687,2.250704,2,2,
3,1025,36,8.702559,2.500352,2,2,
3,2049,37,7.416029,2.750176,2,2,
3,4097,38,4.233763,3.000088,2,2,
3,8193,39,3.874946,3.250044,2,2,
3,17,40,61.305735,1.021866,1,4,
3,33,41,46.435503,1.261099,1,4,
3,65,42,34.072924,1.505592,1,4,
3,129,43,25.721188,1.752807,1,4,
3,257,44,18.780818,2.001406,1,4,
3,513,45,13.158526,2.250704,1,4,
3,1025,46,9.233554,2.500352,1,4,
3,2049,47,6.422072,2.750176,1,4,
3,4097,48,4.467036,3.000088,1,4,
3,8193,49,3.881171,3.250044,1,4,
3,17,50,53.925864,1.021866,4,1,
3,33,51,39.841303,1.261099,4,1,
3,65,52,30.515602,1.505592,4,1,
3,129,53,21.927746,1.752807,4,1,
3,257,54,15.763322,2.001406,4,1,
3,513,55,13.010406,2.250704,4,1,
3,1025,56,8.056336,2.500352,4,1,
3,2049,57,6.049584,2.750176,4,1,
3,4097,58,4.296770,3.000088,4,1,
3,8193,59,2.982563,3.250044,4,1,
3,17,60,94.268602,0.510933,2,4,
3,33,61,70.876812,0.630549,2,4,
3,65,62,59.907290,0.752796,2,4,
3,129,63,52.729592,0.876403,2,4,
3,257,64,45.277555,1.000703,2,4,
3,513,65,37.287449,1.125352,2,4,
3,1025,66,30.273071,1.250176,2,4,
3,2049,67,21.166318,1.375088,2,4,
3,4097,68,15.400069,1.500044,2,4,
3,8193,69,13.671254,1.625022,2,4,
3,17,70,82.388182,0.510933,4,2,
3,33,71,67.934937,0.630549,4,2,
3,65,72,60.726597,0.752796,4,2,
3,129,73,50.391852,0.876403,4,2,
3,257,74,42.128684,1.000703,4,2,
3,513,75,35.239146,1.125352,4,2,
3,1025,76,28.361671,1.250176,4,2,
3,2049,77,22.468246,1.375088,4,2,
3,4097,78,15.289245,1.500044,4,2,
3,8193,79,11.711601,1.625022,4,2,
3,17,80,107.792696,0.255466,4,4,
3,33,81,91.588498,0.315275,4,4,
3,65,82,84.517622,0.376398,4,4,
3,129,83,75.079867,0.438202,4,4,
3,257,84,66.928614,0.500352,4,4,
3,513,85,58.035728,0.562676,4,4,
3,1025,86,48.700862,0.625088,4,4,
3,2049,87,34.996047,0.687544,4,4,
3,4097,88,26.817370,0.750022,4,4,
3,8193,89,20.117149,0.812511,4,4,
3,17,90,92.466218,0.510933,1,8,
3,33,91,76.436862,0.630549,1,8,
3,65,92,63.490675,0.752796,1,8,
3,129,93,55.513518,0.876403,1,8,
3,257,94,44.894868,1.000703,1,8,
3,513,95,36.838265,1.125352,1,8,
3,1025,96,28.712926,1.250176,1,8,
3,2049,97,25.026230,1.375088,1,8,
3,4097,98,16.694518,1.500044,1,8,
3,8193,99,14.420526,1.625022,1,8,
3,17,100,80.571287,0.510933,8,1,
3,33,101,66.479371,0.630549,8,1,
3,65,102,56.238789,0.752796,8,1,
3,129,103,49.411462,0.876403,8,1,
3,257,104,37.742390,1.000703,8,1,
3,513,105,31.038789,1.125352,8,1,
3,1025,106,24.834753,1.250176,8,1,
3,2049,107,21.922915,1.375088,8,1,
3,4097,108,14.986773,1.500044,8,1,
3,8193,109,11.467933,1.625022,8,1,
3,17,110,108.923462,0.255466,2,8,
3,33,111,97.968437,0.315275,2,8,
3,65,112,84.005401,0.376398,2,8,
3,129,113,77.548190,0.438202,2,8,
3,257,114,68.582915,0.500352,2,8,
3,513,115,59.759657,0.562676,2,8,
3,1025,116,47.986274,0.625088,2,8,
3,2049,117,35.841982,0.687544,2,8,
3,4097,118,27.697538,0.750022,2,8,
3,8193,119,21.048205,0.812511,2,8,
3,17,120,103.848993,0.255466,8,2,
3,33,121,94.698715,0.315275,8,2,
3,65,122,83.355549,0.376398,8,2,
3,129,123,72.665083,0.438202,8,2,
3,257,124,64.667612,0.500352,8,2,
3,513,125,56.636529,0.562676,8,2,
3,1025,126,48.183474,0.625088,8,2,
3,2049,127,38.609459,0.687544,8,2,
3,4097,128,30.436580,0.750022,8,2,
3,8193,129,20.796054,0.812511,8,2,
3,17,130,126.735347,0.127733,4,8,
3,33,131,118.295482,0.157637,4,8,
3,65,132,104.277907,0.188199,4,8,
3,129,133,94.371976,0.219101,4,8,
3,257,134,86.478183,0.250176,4,8,
3,513,135,72.273672,0.281338,4,8,
3,1025,136,60.266102,0.312544,4,8,
3,2049,137,46.006041,0.343772,4,8,
3,4097,138,34.562769,0.375011,4,8,
3,8193,139,27.230672,0.406256,4,8,
3,17,140,120.511895,0.127733,8,4,
3,33,141,117.789965,0.157637,8,4,
3,65,142,102.161281,0.188199,8,4,
3,129,143,93.543398,0.219101,8,4,
3,257,144,85.397388,0.250176,8,4,
3,513,145,72.423960,0.281338,8,4,
3,1025,146,60.310022,0.312544,8,4,
3,2049,147,46.540972,0.343772,8,4,
3,4097,148,35.150685,0.375011,8,4,
3,8193,149,27.035195,0.406256,8,4,
3,17,150,133.167572,0.063867,8,8,
3,33,151,125.366707,0.078819,8,8,
3,65,152,116.331498,0.094099,8,8,
3,129,153,108.510750,0.109550,8,8,
3,257,154,98.551234,0.125088,8,8,
3,513,155,81.443434,0.140669,8,8,
3,1025,156,65.674687,0.156272,8,8,
3,2049,157,52.213840,0.171886,8,8,
3,4097,158,39.722266,0.187506,8,8,
3,8193,159,32.774242,0.203128,8,8,
4,17,0,29.869902,4.087463,1,1,
4,33,1,8.089135,5.044394,1,1,
4,65,2,2.633897,6.022368,1,1,
4,129,3,0.785703,7.011227,1,1,
4,257,4,0.162490,8.005625,1,1,
4,513,5,0.051101,9.002815,1,1,
4,1025,6,0.013297,10.001408,1,1,
4,2049,7,0.003401,11.000704,1,1,
4,4097,8,0.001247,12.000352,1,1,
4,8193,9,0.000942,13.000176,1,1,
4,17,10,196.192624,2.043731,1,2,
4,33,11,103.833220,2.522197,1,2,
4,65,12,56.979005,3.011184,1,2,
4,129,13,28.546088,3.505614,1,2,
4,257,14,14.353536,4.002812,1,2,
4,513,15,6.980045,4.501408,1,2,
4,1025,16,3.400078,5.000704,1,2,
4,2049,17,1.549311,5.500352,1,2,
4,4097,18,0.764857,6.000176,1,2,
4,8193,19,0.366321,6.500088,1,2,
4,17,20,216.638811,2.043731,2,1,
4,33,21,115.739905,2.522197,2,1,
4,65,22,58.513809,3.011184,2,1,
4,129,23,29.958164,3.505614,2,1,
4,257,24,15.401493,4.002812,2,1,
4,513,25,7.347131,4.501408,2,1,
4,1025,26,3.713740,5.000704,2,1,
4,2049,27,1.643557,5.500352,2,1,
4,4097,28,0.743202,6.000176,2,1,
4,8193,29,0.368446,6.500088,2,1,
4,17,30,455.112561,1.021866,2,2,
4,33,31,342.055988,1.261099,2,2,
4,65,32,251.404180,1.505592,2,2,
4,129,33,180.056227,1.752807,2,2,
4,257,34,125.105517,2.001406,2,2,
4,513,35,81.892712,2.250704,2,2,
4,1025,36,51.659138,2.500352,2,2,
4,2049,37,31.367238,2.750176,2,2,
4,4097,38,17.548434,3.000088,2,2,
4,8193,39,9.734846,3.250044,2,2,
4,17,40,425.424494,1.021866,1,4,
4,33,41,323.360464,1.261099,1,4,
4,65,42,235.174228,1.505592,1,4,
4,129,43,168.237301,1.752807,1,4,
4,257,44,113.696313,2.001406,1,4,
4,513,45,76.931773,2.250704,1,4,
4,1025,46,49.727517,2.500352,1,4,
4,2049,47,29.720414,2.750176,1,4,
4,4097,48,17.138775,3.000088,1,4,
4,8193,49,9.891974,3.250044,1,4,
4,17,50,493.354660,1.021866,4,1,
4,33,51,360.403171,1.261099,4,1,
4,65,52,264.330496,1.505592,4,1,
4,129,53,191.075219,1.752807,4,1,
4,257,54,135.442914,2.001406,4,1,
4,513,55,87.732396,2.250704,4,1,
4,1025,56,55.668930,2.500352,4,1,
4,2049,57,33.485463,2.750176,4,1,
4,4097,58,18.667772,3.000088,4,1,
4,8193,59,10.408301,3.250044,4,1,
4,17,60,697.716159,0.510933,2,4,
4,33,61,550.202823,0.630549,2,4,
4,65,62,451.716029,0.752796,2,4,
4,129,63,375.274132,0.876403,2,4,
4,257,64,302.538140,1.000703,2,4,
4,513,65,232.582962,1.125352,2,4,
4,1025,66,161.271194,1.250176,2,4,
4,2049,67,106.264908,1.375088,2,4,
4,4097,68,63.004403,1.500044,2,4,
4,8193,69,36.427736,1.625022,2,4,
4,17,70,670.282826,0.510933,4,2,
4,33,71,577.531433,0.630549,4,2,
4,65,72,471.311567,0.752796,4,2,
4,129,73,394.890308,0.876403,4,2,
4,257,74,313.815509,1.000703,4,2,
4,513,75,242.191342,1.125352,4,2,
4,1025,76,175.482643,1.250176,4,2,
4,2049,77,111.614801,1.375088,4,2,
4,4097,78,64.853978,1.500044,4,2,
4,8193,79,36.475203,1.625022,4,2,
4,17,80,828.966847,0.255466,4,4,
4,33,81,772.904734,0.315275,4,4,
4,65,82,667.696784,0.376398,4,4,
4,129,83,565.922730,0.438202,4,4,
4,257,84,477.690931,0.500352,4,4,
4,513,85,375.404038,0.562676,4,4,
4,1025,86,265.665237,0.625088,4,4,
4,2049,87,170.818283,0.687544,4,4,
4,4097,88,93.261724,0.750022,4,4,
4,8193,89,55.899207,0.812511,4,4,
4,17,90,670.196119,0.510933,1,8,
4,33,91,525.973280,0.630549,1,8,
4,65,92,441.862206,0.752796,1,8,
4,129,93,362.129245,0.876403,1,8,
4,257,94,295.287996,1.000703,1,8,
4,513,95,228.531803,1.125352,1,8,
4,1025,96,159.591294,1.250176,1,8,
4,2049,97,107.329977,1.375088,1,8,
4,4097,98,63.025042,1.500044,1,8,
4,8193,99,37.063437,1.625022,1,8,
4,17,100,739.728006,0.510933,8,1,
4,33,101,609.810026,0.630549,8,1,
4,65,102,495.767078,0.752796,8,1,
4,129,103,408.356743,0.876403,8,1,
4,257,104,328.314125,1.000703,8,1,
4,513,105,254.747031,1.125352,8,1,
4,1025,106,181.600487,1.250176,8,1,
4,2049,107,114.498472,1.375088,8,1,
4,4097,108,67.696596,1.500044,8,1,
4,8193,109,39.806677,1.625022,8,1,
4,17,110,856.732422,0.255466,2,8,
4,33,111,742.316429,0.315275,2,8,
4,65,112,632.674020,0.376398,2,8,
4,129,113,550.999763,0.438202,2,8,
4,257,114,466.997211,0.500352,2,8,
4,513,115,373.926374,0.562676,2,8,
4,1025,116,264.728822,0.625088,2,8,
4,2049,117,169.848771,0.687544,2,8,
4,4097,118,101.630021,0.750022,2,8,
4,8193,119,56.088088,0.812511,2,8,
4,17,120,882.067188,0.255466,8,2,
4,33,121,786.722064,0.315275,8,2,
4,65,122,693.023330,0.376398,8,2,
4,129,123,583.103608,0.438202,8,2,
4,257,124,489.674475,0.500352,8,2,
4,513,125,385.887580,0.562676,8,2,
4,1025,126,267.388373,0.625088,8,2,
4,2049,127,176.318615,0.687544,8,2,
4,4097,128,103.990315,0.750022,8,2,
4,8193,129,56.494892,0.812511,8,2,
4,17,130,959.077265,0.127733,4,8,
4,33,131,884.855698,0.157637,4,8,
4,65,132,809.428867,0.188199,4,8,
4,129,133,698.042948,0.219101,4,8,
4,257,134,582.150802,0.250176,4,8,
4,513,135,444.826647,0.281338,4,8,
4,1025,136,305.952671,0.312544,4,8,
4,2049,137,190.665968,0.343772,4,8,
4,4097,138,106.268940,0.375011,4,8,
4,8193,139,59.071459,0.406256,4,8,
4,17,140,971.941970,0.127733,8,4,
4,33,141,904.959746,0.157637,8,4,
4,65,142,829.866634,0.188199,8,4,
4,129,143,707.732018,0.219101,8,4,
4,257,144,585.202436,0.250176,8,4,
4,513,145,439.538096,0.281338,8,4,
4,1025,146,301.828546,0.312544,8,4,
4,2049,147,186.353783,0.343772,8,4,
4,4097,148,113.316743,0.375011,8,4,
4,8193,149,62.109864,0.406256,8,4,
4,17,150,1027.514702,0.063867,8,8,
4,33,151,970.008514,0.078819,8,8,
4,65,152,896.173115,0.094099,8,8,
4,129,153,777.776194,0.109550,8,8,
4,257,154,612.933177,0.125088,8,8,
4,513,155,429.241104,0.140669,8,8,
4,1025,156,285.264094,0.156272,8,8,
4,2049,157,177.697441,0.171886,8,8,
4,4097,158,116.234313,0.187506,8,8,
4,8193,159,69.741832,0.203128,8,8,
5,17,0,7.830627,4.087463,1,1,
5,33,1,3.265890,5.044394,1,1,
5,65,2,0.778280,6.022368,1,1,
5,129,3,0.316683,7.011227,1,1,
5,257,4,0.065402,8.005625,1,1,
5,513,5,0.014999,9.002815,1,1,
5,1025,6,0.005768,10.001408,1,1,
5,2049,7,0.001597,11.000704,1,1,
5,4097,8,0.001046,12.000352,1,1,
5,8193,9,0.000861,13.000176,1,1,
5,17,10,61.993139,2.043731,1,2,
5,33,11,34.678975,2.522197,1,2,
5,65,12,18.788190,3.011184,1,2,
5,129,13,9.311022,3.505614,1,2,
5,257,14,5.069567,4.002812,1,2,
5,513,15,2.508593,4.501408,1,2,
5,1025,16,1.242361,5.000704,1,2,
5,2049,17,0.656052,5.500352,1,2,
5,4097,18,0.300564,6.000176,1,2,
5,8193,19,0.160637,6.500088,1,2,
5,17,20,62.836287,2.043731,2,1,
5,33,21,34.738744,2.522197,2,1,
5,65,22,18.601994,3.011184,2,1,
5,129,23,9.776636,3.505614,2,1,
5,257,24,5.401259,4.002812,2,1,
5,513,25,2.495922,4.501408,2,1,
5,1025,26,1.214920,5.000704,2,1,
5,2049,27,0.621601,5.500352,2,1,
5,4097,28,0.330219,6.000176,2,1,
5,8193,29,0.144921,6.500088,2,1,
5,17,30,146.569315,1.021866,2,2,
5,33,31,111.705735,1.261099,2,2,
5,65,32,83.087136,1.505592,2,2,
5,129,33,60.274908,1.752807,2,2,
5,257,34,40.935880,2.001406,2,2,
5,513,35,27.554977,2.250704,2,2,
5,1025,36,17.920394,2.500352,2,2,
5,2049,37,11.170049,2.750176,2,2,
5,4097,38,6.995340,3.000088,2,2,
5,8193,39,4.474419,3.250044,2,2,
5,17,40,146.436929,1.021866,1,4,
5,33,41,109.879844,1.261099,1,4,
5,65,42,78.956750,1.505592,1,4,
5,129,43,58.646671,1.752807,1,4,
5,257,44,41.444143,2.001406,1,4,
5,513,45,27.193205,2.250704,1,4,
5,1025,46,17.535473,2.500352,1,4,
5,2049,47,10.904427,2.750176,1,4,
5,4097,48,6.911544,3.000088,1,4,
5,8193,49,4.418811,3.250044,1,4,
5,17,50,147.362275,1.021866,4,1,
5,33,51,110.979558,1.261099,4,1,
5,65,52,80.129972,1.505592,4,1,
5,129,53,58.127852,1.752807,4,1,
5,257,54,40.951876,2.001406,4,1,
5,513,55,26.709434,2.250704,4,1,
5,1025,56,17.540430,2.500352,4,1,
5,2049,57,11.110841,2.750176,4,1,
5,4097,58,6.907898,3.000088,4,1,
5,8193,59,4.453316,3.250044,4,1,
5,17,60,217.775561,0.510933,2,4,
5,33,61,185.279176,0.630549,2,4,
5,65,62,156.357374,0.752796,2,4,
5,129,63,129.829860,0.876403,2,4,
5,257,64,105.828003,1.000703,2,4,
5,513,65,81.174260,1.125352,2,4,
5,1025,66,58.304485,1.250176,2,4,
5,2049,67,38.045913,1.375088,2,4,
5,4097,68,24.973499,1.500044,2,4,
5,8193,69,16.029789,1.625022,2,4,
5,17,70,212.485001,0.510933,4,2,
5,33,71,182.957307,0.630549,4,2,
5,65,72,155.965946,0.752796,4,2,
5,129,73,130.141454,0.876403,4,2,
5,257,74,104.823919,1.000703,4,2,
5,513,75,80.356879,1.125352,4,2,
5,1025,76,56.106476,1.250176,4,2,
5,2049,77,37.733559,1.375088,4,2,
5,4097,78,24.212882,1.500044,4,2,
5,8193,79,16.399495,1.625022,4,2,
5,17,80,269.031643,0.255466,4,4,
5,33,81,245.504435,0.315275,4,4,
5,65,82,224.760296,0.376398,4,4,
5,129,83,192.674369,0.438202,4,4,
5,257,84,159.849686,0.500352,4,4,
5,513,85,128.505301,0.562676,4,4,
5,1025,86,91.568167,0.625088,4,4,
5,2049,87,61.216026,0.687544,4,4,
5,4097,88,37.450975,0.750022,4,4,
5,8193,89,26.424784,0.812511,4,4,
5,17,90,224.616512,0.510933,1,8,
5,33,91,183.305727,0.630549,1,8,
5,65,92,152.898581,0.752796,1,8,
5,129,93,127.841438,0.876403,1,8,
5,257,94,104.296625,1.000703,1,8,
5,513,95,80.918978,1.125352,1,8,
5,1025,96,57.218831,1.250176,1,8,
5,2049,97,38.795497,1.375088,1,8,
5,4097,98,25.434135,1.500044,1,8,
5,8193,99,16.698619,1.625022,1,8,
5,17,100,208.920568,0.510933,8,1,
5,33,101,178.892144,0.630549,8,1,
5,65,102,151.018477,0.752796,8,1,
5,129,103,125.617690,0.876403,8,1,
5,257,104,101.122438,1.000703,8,1,
5,513,105,79.535807,1.125352,8,1,
5,1025,106,56.327892,1.250176,8,1,
5,2049,107,37.686829,1.375088,8,1,
5,4097,108,24.528270,1.500044,8,1,
5,8193,109,16.397778,1.625022,8,1,
5,17,110,271.584710,0.255466,2,8,
5,33,111,248.398327,0.315275,2,8,
5,65,112,222.284730,0.376398,2,8,
5,129,113,188.493298,0.438202,2,8,
5,257,114,162.433134,0.500352,2,8,
5,513,115,128.089959,0.562676,2,8,
5,1025,116,91.551440,0.625088,2,8,
5,2049,117,61.339498,0.687544,2,8,
5,4097,118,40.965495,0.750022,2,8,
5,8193,119,26.688592,0.812511,2,8,
5,17,120,272.941931,0.255466,8,2,
5,33,121,242.084524,0.315275,8,2,
5,65,122,213.072847,0.376398,8,2,
5,129,123,194.131711,0.438202,8,2,
5,257,124,158.612453,0.500352,8,2,
5,513,125,125.291672,0.562676,8,2,
5,1025,126,90.982609,0.625088,8,2,
5,2049,127,61.600946,0.687544,8,2,
5,4097,128,40.136507,0.750022,8,2,
5,8193,129,26.360001,0.812511,8,2,
5,17,130,298.052724,0.127733,4,8,
5,33,131,283.384789,0.157637,4,8,
5,65,132,262.478839,0.188199,4,8,
5,129,133,230.813410,0.219101,4,8,
5,257,134,195.808485,0.250176,4,8,
5,513,135,148.512468,0.281338,4,8,
5,1025,136,103.460547,0.312544,4,8,
5,2049,137,67.028476,0.343772,4,8,
5,4097,138,46.728827,0.375011,4,8,
5,8193,139,33.846237,0.406256,4,8,
5,17,140,299.231245,0.127733,8,4,
5,33,141,281.138271,0.157637,8,4,
5,65,142,263.657939,0.188199,8,4,
5,129,143,226.792381,0.219101,8,4,
5,257,144,193.101754,0.250176,8,4,
5,513,145,147.499671,0.281338,8,4,
5,1025,146,103.139900,0.312544,8,4,
5,2049,147,72.113597,0.343772,8,4,
5,4097,148,47.907502,0.375011,8,4,
5,8193,149,34.623073,0.406256,8,4,
5,17,150,315.791391,0.063867,8,8,
5,33,151,301.787908,0.078819,8,8,
5,65,152,282.973415,0.094099,8,8,
5,129,153,241.519871,0.109550,8,8,
5,257,154,191.871173,0.125088,8,8,
5,513,155,136.961080,0.140669,8,8,
5,1025,156,102.468620,0.156272,8,8,
5,2049,157,76.689467,0.171886,8,8,
5,4097,158,54.325580,0.187506,8,8,
5,8193,159,38.775097,0.203128,8,8,
6,17,0,26.446777,4.087463,1,1,
6,33,1,8.048232,5.044394,1,1,
6,65,2,3.201001,6.022368,1,1,
6,129,3,0.651302,7.011227,1,1,
6,257,4,0.181238,8.005625,1,1,
6,513,5,0.061230,9.002815,1,1,
6,1025,6,0.014214,10.001408,1,1,
6,2049,7,0.003697,11.000704,1,1,
6,4097,8,0.001269,12.000352,1,1,
6,8193,9,0.000947,13.000176,1,1,
6,17,10,214.304190,2.043731,1,2,
6,33,11,119.237996,2.522197,1,2,
6,65,12,62.929091,3.011184,1,2,
6,129,13,32.091429,3.505614,1,2,
6,257,14,15.945978,4.002812,1,2,
6,513,15,7.824662,4.501408,1,2,
6,1025,16,3.694068,5.000704,1,2,
6,2049,17,1.792745,5.500352,1,2,
6,4097,18,0.874156,6.000176,1,2,
6,8193,19,0.383845,6.500088,1,2,
6,17,20,201.945780,2.043731,2,1,
6,33,21,112.102770,2.522197,2,1,
6,65,22,56.463201,3.011184,2,1,
6,129,23,30.207067,3.505614,2,1,
6,257,24,14.619514,4.002812,2,1,
6,513,25,7.380736,4.501408,2,1,
6,1025,26,3.687543,5.000704,2,1,
6,2049,27,1.770872,5.500352,2,1,
6,4097,28,0.819886,6.000176,2,1,
6,8193,29,0.400290,6.500088,2,1,
6,17,30,470.422446,1.021866,2,2,
6,33,31,355.030180,1.261099,2,2,
6,65,32,264.492031,1.505592,2,2,
6,129,33,187.699717,1.752807,2,2,
6,257,34,133.049436,2.001406,2,2,
6,513,35,86.579154,2.250704,2,2,
6,1025,36,54.462579,2.500352,2,2,
6,2049,37,32.783982,2.750176,2,2,
6,4097,38,18.827686,3.000088,2,2,
6,8193,39,10.278668,3.250044,2,2,
6,17,40,500.557553,1.021866,1,4,
6,33,41,373.855405,1.261099,1,4,
6,65,42,271.003439,1.505592,1,4,
6,129,43,197.163775,1.752807,1,4,
6,257,44,140.106236,2.001406,1,4,
6,513,45,91.895922,2.250704,1,4,
6,1025,46,57.840793,2.500352,1,4,
6,2049,47,34.558654,2.750176,1,4,
6,4097,48,19.131221,3.000088,1,4,
6,8193,49,10.775306,3.250044,1,4,
6,17,50,465.777574,1.021866,4,1,
6,33,51,325.675624,1.261099,4,1,
6,65,52,243.358950,1.505592,4,1,
6,129,53,176.453522,1.752807,4,1,
6,257,54,124.167380,2.001406,4,1,
6,513,55,80.404889,2.250704,4,1,
6,1025,56,52.263863,2.500352,4,1,
6,2049,57,31.574018,2.750176,4,1,
6,4097,58,18.173745,3.000088,4,1,
6,8193,59,10.465116,3.250044,4,1,
6,17,60,716.524613,0.510933,2,4,
6,33,61,589.150104,0.630549,2,4,
6,65,62,489.625263,0.752796,2,4,
6,129,63,405.405592,0.876403,2,4,
6,257,64,326.449089,1.000703,2,4,
6,513,65,251.890553,1.125352,2,4,
6,1025,66,177.732271,1.250176,2,4,
6,2049,67,113.397771,1.375088,2,4,
6,4097,68,66.997108,1.500044,2,4,
6,8193,69,37.471895,1.625022,2,4,
6,17,70,676.011574,0.510933,4,2,
6,33,71,560.383727,0.630549,4,2,
6,65,72,477.521382,0.752796,4,2,
6,129,73,389.625897,0.876403,4,2,
6,257,74,315.953505,1.000703,4,2,
6,513,75,243.925088,1.125352,4,2,
6,1025,76,175.526114,1.250176,4,2,
6,2049,77,109.764305,1.375088,4,2,
6,4097,78,65.215834,1.500044,4,2,
6,8193,79,37.150473,1.625022,4,2,
6,17,80,858.501904,0.255466,4,4,
6,33,81,788.249837,0.315275,4,4,
6,65,82,690.910399,0.376398,4,4,
6,129,83,591.449212,0.438202,4,4,
6,257,84,495.792117,0.500352,4,4,
6,513,85,389.895926,0.562676,4,4,
6,1025,86,277.742782,0.625088,4,4,
6,2049,87,171.074447,0.687544,4,4,
6,4097,88,103.378895,0.750022,4,4,
6,8193,89,56.085466,0.812511,4,4,
6,17,90,760.257720,0.510933,1,8,
6,33,91,639.887099,0.630549,1,8,
6,65,92,525.961620,0.752796,1,8,
6,129,93,440.539678,0.876403,1,8,
6,257,94,355.421183,1.000703,1,8,
6,513,95,276.156097,1.125352,1,8,
6,1025,96,203.979622,1.250176,1,8,
6,2049,97,133.051900,1.375088,1,8,
6,4097,98,83.071683,1.500044,1,8,
6,8193,99,55.952875,1.625022,1,8,
6,17,100,679.396866,0.510933,8,1,
6,33,101,562.416135,0.630549,8,1,
6,65,102,463.668502,0.752796,8,1,
6,129,103,385.065050,0.876403,8,1,
6,257,104,311.269802,1.000703,8,1,
6,513,105,240.695397,1.125352,8,1,
6,1025,106,174.484129,1.250176,8,1,
6,2049,107,111.097132,1.375088,8,1,
6,4097,108,66.214372,1.500044,8,1,
6,8193,109,37.346448,1.625022,8,1,
6,17,110,935.847400,0.255466,2,8,
6,33,111,791.086737,0.315275,2,8,
6,65,112,696.439401,0.376398,2,8,
6,129,113,634.908752,0.438202,2,8,
6,257,114,514.287593,0.500352,2,8,
6,513,115,405.919092,0.562676,2,8,
6,1025,116,295.988511,0.625088,2,8,
6,2049,117,186.413746,0.687544,2,8,
6,4097,118,116.107525,0.750022,2,8,
6,8193,119,73.847901,0.812511,2,8,
6,17,120,892.021956,0.255466,8,2,
6,33,121,774.353459,0.315275,8,2,
6,65,122,689.864960,0.376398,8,2,
6,129,123,602.262328,0.438202,8,2,
6,257,124,492.057448,0.500352,8,2,
6,513,125,390.256491,0.562676,8,2,
6,1025,126,281.430594,0.625088,8,2,
6,2049,127,178.079370,0.687544,8,2,
6,4097,128,102.998785,0.750022,8,2,
6,8193,129,57.205025,0.812511,8,2,
6,17,130,1021.979787,0.127733,4,8,
6,33,131,925.810273,0.157637,4,8,
6,65,132,851.192976,0.188199,4,8,
6,129,133,735.899428,0.219101,4,8,
6,257,134,604.424906,0.250176,4,8,
6,513,135,457.636298,0.281338,4,8,
6,1025,136,309.369331,0.312544,4,8,
6,2049,137,191.959069,0.343772,4,8,
6,4097,138,114.254953,0.375011,4,8,
6,8193,139,63.067199,0.406256,4,8,
6,17,140,1002.940424,0.127733,8,4,
6,33,141,929.347250,0.157637,8,4,
6,65,142,843.282888,0.188199,8,4,
6,129,143,724.250171,0.219101,8,4,
6,257,144,615.083457,0.250176,8,4,
6,513,145,458.755315,0.281338,8,4,
6,1025,146,313.106930,0.312544,8,4,
6,2049,147,190.360661,0.343772,8,4,
6,4097,148,106.153910,0.375011,8,4,
6,8193,149,63.294131,0.406256,8,4,
6,17,150,1073.071985,0.063867,8,8,
6,33,151,1004.955304,0.078819,8,8,
6,65,152,933.368339,0.094099,8,8,
6,129,153,803.829003,0.109550,8,8,
6,257,154,618.938271,0.125088,8,8,
6,513,155,429.394232,0.140669,8,8,
6,1025,156,298.636707,0.156272,8,8,
6,2049,157,193.503765,0.171886,8,8,
6,4097,158,105.068412,0.187506,8,8,
6,8193,159,67.514541,0.203128,8,8,
7,17,0,154.267278,4.087463,1,1,
7,33,1,45.535311,5.044394,1,1,
7,65,2,12.766604,6.022368,1,1,
7,129,3,3.249579,7.011227,1,1,
7,257,4,0.950760,8.005625,1,1,
7,513,5,0.236287,9.002815,1,1,
7,1025,6,0.054741,10.001408,1,1,
7,2049,7,0.014970,11.000704,1,1,
7,4097,8,0.005058,12.000352,1,1,
7,8193,9,0.001527,13.000176,1,1,
7,17,10,1196.003563,2.043731,1,2,
7,33,11,662.565687,2.522197,1,2,
7,65,12,348.521811,3.011184,1,2,
7,129,13,169.126261,3.505614,1,2,
7,257,14,81.256518,4.002812,1,2,
7,513,15,35.371842,4.501408,1,2,
7,1025,16,14.876033,5.000704,1,2,
7,2049,17,6.110428,5.500352,1,2,
7,4097,18,2.693696,6.000176,1,2,
7,8193,19,1.080333,6.500088,1,2,
7,17,20,1250.614834,2.043731,2,1,
7,33,21,703.801540,2.522197,2,1,
7,65,22,351.591396,3.011184,2,1,
7,129,23,181.664670,3.505614,2,1,
7,257,24,87.657177,4.002812,2,1,
7,513,25,36.833210,4.501408,2,1,
7,1025,26,15.360258,5.000704,2,1,
7,2049,27,6.466744,5.500352,2,1,
7,4097,28,2.541847,6.000176,2,1,
7,8193,29,1.025104,6.500088,2,1,
7,17,30,2925.942744,1.021866,2,2,
7,33,31,2174.150286,1.261099,2,2,
7,65,32,1516.277895,1.505592,2,2,
7,129,33,1097.929960,1.752807,2,2,
7,257,34,678.272058,2.001406,2,2,
7,513,35,388.694078,2.250704,2,2,
7,1025,36,213.575126,2.500352,2,2,
7,2049,37,107.018957,2.750176,2,2,
7,4097,38,45.729827,3.000088,2,2,
7,8193,39,20.891870,3.250044,2,2,
7,17,40,2800.673548,1.021866,1,4,
7,33,41,2058.249716,1.261099,1,4,
7,65,42,1535.485927,1.505592,1,4,
7,129,43,1038.531784,1.752807,1,4,
7,257,44,653.442483,2.001406,1,4,
7,513,45,397.591763,2.250704,1,4,
7,1025,46,221.078175,2.500352,1,4,
7,2049,47,109.630262,2.750176,1,4,
7,4097,48,53.575138,3.000088,1,4,
7,8193,49,27.477548,3.250044,1,4,
7,17,50,3142.719705,1.021866,4,1,
7,33,51,2246.890124,1.261099,4,1,
7,65,52,1631.816029,1.505592,4,1,
7,129,53,1080.474197,1.752807,4,1,
7,257,54,716.177192,2.001406,4,1,
7,513,55,427.627835,2.250704,4,1,
7,1025,56,228.519535,2.500352,4,1,
7,2049,57,112.629165,2.750176,4,1,
7,4097,58,48.252059,3.000088,4,1,
7,8193,59,22.226123,3.250044,4,1,
7,17,60,4399.583839,0.510933,2,4,
7,33,61,3426.409013,0.630549,2,4,
7,65,62,2763.999361,0.752796,2,4,
7,129,63,2216.533684,0.876403,2,4,
7,257,64,1656.366306,1.000703,2,4,
7,513,65,1091.302157,1.125352,2,4,
7,1025,66,613.635365,1.250176,2,4,
7,2049,67,294.459625,1.375088,2,4,
7,4097,68,138.509758,1.500044,2,4,
7,8193,69,59.468834,1.625022,2,4,
7,17,70,4457.293414,0.510933,4,2,
7,33,71,3578.619865,0.630549,4,2,
7,65,72,2953.008130,0.752796,4,2,
7,129,73,2323.470782,0.876403,4,2,
7,257,74,1699.151678,1.000703,4,2,
7,513,75,1035.670332,1.125352,4,2,
7,1025,76,588.339647,1.250176,4,2,
7,2049,77,307.510611,1.375088,4,2,
7,4097,78,151.931161,1.500044,4,2,
7,8193,79,62.202242,1.625022,4,2,
7,17,80,5586.585860,0.255466,4,4,
7,33,81,4777.019570,0.315275,4,4,
7,65,82,4231.025661,0.376398,4,4,
7,129,83,3210.518469,0.438202,4,4,
7,257,84,2266.260040,0.500352,4,4,
7,513,85,1458.028561,0.562676,4,4,
7,1025,86,828.689150,0.625088,4,4,
7,2049,87,402.880522,0.687544,4,4,
7,4097,88,200.624016,0.750022,4,4,
7,8193,89,91.990913,0.812511,4,4,
7,17,90,4200.507222,0.510933,1,8,
7,33,91,3442.556170,0.630549,1,8,
7,65,92,2832.371423,0.752796,1,8,
7,129,93,2238.352779,0.876403,1,8,
7,257,94,1696.938855,1.000703,1,8,
7,513,95,1094.081461,1.125352,1,8,
7,1025,96,640.889479,1.250176,1,8,
7,2049,97,363.277210,1.375088,1,8,
7,4097,98,166.985969,1.500044,1,8,
7,8193,99,86.944111,1.625022,1,8,
7,17,100,4710.644530,0.510933,8,1,
7,33,101,3852.760057,0.630549,8,1,
7,65,102,3134.158949,0.752796,8,1,
7,129,103,2417.781110,0.876403,8,1,
7,257,104,1745.072664,1.000703,8,1,
7,513,105,1144.429623,1.125352,8,1,
7,1025,106,623.807049,1.250176,8,1,
7,2049,107,347.306910,1.375088,8,1,
7,4097,108,131.386038,1.500044,8,1,
7,8193,109,66.152720,1.625022,8,1,
7,17,110,5537.672781,0.255466,2,8,
7,33,111,4649.670250,0.315275,2,8,
7,65,112,4098.299618,0.376398,2,8,
7,129,113,3228.180742,0.438202,2,8,
7,257,114,2329.063344,0.500352,2,8,
7,513,115,1496.011183,0.562676,2,8,
7,1025,116,889.258151,0.625088,2,8,
7,2049,117,423.916492,0.687544,2,8,
7,4097,118,204.388377,0.750022,2,8,
7,8193,119,96.405231,0.812511,2,8,
7,17,120,5670.127460,0.255466,8,2,
7,33,121,5184.868459,0.315275,8,2,
7,65,122,4047.155253,0.376398,8,2,
7,129,123,3181.759492,0.438202,8,2,
7,257,124,2226.285889,0.500352,8,2,
7,513,125,1489.810301,0.562676,8,2,
7,1025,126,855.232032,0.625088,8,2,
7,2049,127,431.527247,0.687544,8,2,
7,4097,128,199.674213,0.750022,8,2,
7,8193,129,73.221646,0.812511,8,2,
7,17,130,6232.470792,0.127733,4,8,
7,33,131,5634.838309,0.157637,4,8,
7,65,132,4653.127613,0.188199,4,8,
7,129,133,3623.933776,0.219101,4,8,
7,257,134,2283.127240,0.250176,4,8,
7,513,135,1416.484251,0.281338,4,8,
7,1025,136,804.623099,0.312544,4,8,
7,2049,137,388.785612,0.343772,4,8,
7,4097,138,205.016566,0.375011,4,8,
7,8193,139,92.991255,0.406256,4,8,
7,17,140,6192.571963,0.127733,8,4,
7,33,141,5721.529986,0.157637,8,4,
7,65,142,4812.073637,0.188199,8,4,
7,129,143,3528.612679,0.219101,8,4,
7,257,144,2374.862747,0.250176,8,4,
7,513,145,1596.179569,0.281338,8,4,
7,1025,146,855.385313,0.312544,8,4,
7,2049,147,408.693356,0.343772,8,4,
7,4097,148,192.494080,0.375011,8,4,
7,8193,149,91.060638,0.406256,8,4,
7,17,150,6410.306680,0.063867,8,8,
7,33,151,5656.204546,0.078819,8,8,
7,65,152,4662.228998,0.094099,8,8,
7,129,153,3166.608048,0.109550,8,8,
7,257,154,1921.417695,0.125088,8,8,
7,513,155,1418.479736,0.140669,8,8,
7,1025,156,678.865424,0.156272,8,8,
7,2049,157,430.332529,0.171886,8,8,
7,4097,158,206.286344,0.187506,8,8,
7,8193,159,93.069417,0.203128,8,8,
8,17,0,63.448521,4.087463,1,1,
8,33,1,16.650135,5.044394,1,1,
8,65,2,4.854108,6.022368,1,1,
8,129,3,1.255899,7.011227,1,1,
8,257,4,0.356783,8.005625,1,1,
8,513,5,0.099755,9.002815,1,1,
8,1025,6,0.024413,10.001408,1,1,
8,2049,7,0.005544,11.000704,1,1,
8,4097,8,0.002354,12.000352,1,1,
8,8193,9,0.001120,13.000176,1,1,
8,17,10,450.849166,2.043731,1,2,
8,33,11,237.688828,2.522197,1,2,
8,65,12,122.901836,3.011184,1,2,
8,129,13,59.622212,3.505614,1,2,
8,257,14,29.368870,4.002812,1,2,
8,513,15,13.346349,4.501408,1,2,
8,1025,16,5.812980,5.000704,1,2,
8,2049,17,2.533894,5.500352,1,2,
8,4097,18,1.151833,6.000176,1,2,
8,8193,19,0.450055,6.500088,1,2,
8,17,20,432.249119,2.043731,2,1,
8,33,21,233.760154,2.522197,2,1,
8,65,22,123.173708,3.011184,2,1,
8,129,23,61.054277,3.505614,2,1,
8,257,24,28.675577,4.002812,2,1,
8,513,25,12.326511,4.501408,2,1,
8,1025,26,5.781654,5.000704,2,1,
8,2049,27,2.342598,5.500352,2,1,
8,4097,28,1.102221,6.000176,2,1,
8,8193,29,0.462619,6.500088,2,1,
8,17,30,1095.468070,1.021866,2,2,
8,33,31,800.896569,1.261099,2,2,
8,65,32,591.624085,1.505592,2,2,
8,129,33,407.989898,1.752807,2,2,
8,257,34,253.252769,2.001406,2,2,
8,513,35,150.540961,2.250704,2,2,
8,1025,36,81.111132,2.500352,2,2,
8,2049,37,41.269387,2.750176,2,2,
8,4097,38,19.506781,3.000088,2,2,
8,8193,39,10.124533,3.250044,2,2,
8,17,40,1099.549039,1.021866,1,4,
8,33,41,803.081239,1.261099,1,4,
8,65,42,575.285297,1.505592,1,4,
8,129,43,385.925234,1.752807,1,4,
8,257,44,257.880199,2.001406,1,4,
8,513,45,152.239496,2.250704,1,4,
8,1025,46,86.921342,2.500352,1,4,
8,2049,47,43.423463,2.750176,1,4,
8,4097,48,22.438729,3.000088,1,4,
8,8193,49,12.715087,3.250044,1,4,
8,17,50,1061.202521,1.021866,4,1,
8,33,51,775.730168,1.261099,4,1,
8,65,52,570.152471,1.505592,4,1,
8,129,53,379.994434,1.752807,4,1,
8,257,54,248.276627,2.001406,4,1,
8,513,55,150.550702,2.250704,4,1,
8,1025,56,83.175593,2.500352,4,1,
8,2049,57,42.162791,2.750176,4,1,
8,4097,58,21.052413,3.000088,4,1,
8,8193,59,10.398919,3.250044,4,1,
8,17,60,1563.245604,0.510933,2,4,
8,33,61,1345.889678,0.630549,2,4,
8,65,62,1094.474685,0.752796,2,4,
8,129,63,872.547452,0.876403,2,4,
8,257,64,637.801064,1.000703,2,4,
8,513,65,425.965057,1.125352,2,4,
8,1025,66,236.197485,1.250176,2,4,
8,2049,67,126.183816,1.375088,2,4,
8,4097,68,55.535897,1.500044,2,4,
8,8193,69,29.722050,1.625022,2,4,
8,17,70,1615.878190,0.510933,4,2,
8,33,71,1326.111473,0.630549,4,2,
8,65,72,1094.044609,0.752796,4,2,
8,129,73,862.844995,0.876403,4,2,
8,257,74,630.774596,1.000703,4,2,
8,513,75,410.452248,1.125352,4,2,
8,1025,76,231.507928,1.250176,4,2,
8,2049,77,114.605619,1.375088,4,2,
8,4097,78,60.463698,1.500044,4,2,
8,8193,79,28.675612,1.625022,4,2,
8,17,80,1973.633865,0.255466,4,4,
8,33,81,1781.802483,0.315275,4,4,
8,65,82,1506.580270,0.376398,4,4,
8,129,83,1193.422998,0.438202,4,4,
8,257,84,868.310297,0.500352,4,4,
8,513,85,531.304669,0.562676,4,4,
8,1025,86,303.229514,0.625088,4,4,
8,2049,87,142.604101,0.687544,4,4,
8,4097,88,81.789745,0.750022,4,4,
8,8193,89,37.949961,0.812511,4,4,
8,17,90,1638.693320,0.510933,1,8,
8,33,91,1331.548994,0.630549,1,8,
8,65,92,1103.446026,0.752796,1,8,
8,129,93,861.154767,0.876403,1,8,
8,257,94,617.799892,1.000703,1,8,
8,513,95,412.799472,1.125352,1,8,
8,1025,96,246.594249,1.250176,1,8,
8,2049,97,131.524521,1.375088,1,8,
8,4097,98,72.792013,1.500044,1,8,
8,8193,99,39.798681,1.625022,1,8,
8,17,100,1570.281244,0.510933,8,1,
8,33,101,1299.191878,0.630549,8,1,
8,65,102,1083.777404,0.752796,8,1,
8,129,103,863.021449,0.876403,8,1,
8,257,104,628.881289,1.000703,8,1,
8,513,105,406.206182,1.125352,8,1,
8,1025,106,245.393759,1.250176,8,1,
8,2049,107,127.799171,1.375088,8,1,
8,4097,108,59.218484,1.500044,8,1,
8,8193,109,28.283295,1.625022,8,1,
8,17,110,1954.740225,0.255466,2,8,
8,33,111,1709.795219,0.315275,2,8,
8,65,112,1508.008779,0.376398,2,8,
8,129,113,1222.817757,0.438202,2,8,
8,257,114,876.722592,0.500352,2,8,
8,513,115,577.095136,0.562676,2,8,
8,1025,116,316.317856,0.625088,2,8,
8,2049,117,169.232695,0.687544,2,8,
8,4097,118,86.748835,0.750022,2,8,
8,8193,119,49.527368,0.812511,2,8,
8,17,120,1976.291878,0.255466,8,2,
8,33,121,1786.975625,0.315275,8,2,
8,65,122,1504.806496,0.376398,8,2,
8,129,123,1234.403187,0.438202,8,2,
8,257,124,882.670900,0.500352,8,2,
8,513,125,550.302994,0.562676,8,2,
8,1025,126,318.548643,0.625088,8,2,
8,2049,127,179.384798,0.687544,8,2,
8,4097,128,86.995849,0.750022,8,2,
8,8193,129,42.838626,0.812511,8,2,
8,17,130,2152.707686,0.127733,4,8,
8,33,131,1986.273579,0.157637,4,8,
8,65,132,1680.638465,0.188199,4,8,
8,129,133,1284.372419,0.219101,4,8,
8,257,134,848.065338,0.250176,4,8,
8,513,135,528.088649,0.281338,4,8,
8,1025,136,297.312291,0.312544,4,8,
8,2049,137,205.883590,0.343772,4,8,
8,4097,138,95.200077,0.375011,4,8,
8,8193,139,57.803491,0.406256,4,8,
8,17,140,2130.583417,0.127733,8,4,
8,33,141,1965.256513,0.157637,8,4,
8,65,142,1688.757711,0.188199,8,4,
8,129,143,1299.876902,0.219101,8,4,
8,257,144,856.258315,0.250176,8,4,
8,513,145,461.602146,0.281338,8,4,
8,1025,146,317.830214,0.312544,8,4,
8,2049,147,166.883969,0.343772,8,4,
8,4097,148,104.508748,0.375011,8,4,
8,8193,149,51.548481,0.406256,8,4,
8,17,150,2217.722598,0.063867,8,8,
8,33,151,2006.893037,0.078819,8,8,
8,65,152,1639.894735,0.094099,8,8,
8,129,153,1086.930540,0.109550,8,8,
8,257,154,694.556075,0.125088,8,8,
8,513,155,453.007510,0.140669,8,8,
8,1025,156,264.103756,0.156272,8,8,
8,2049,157,185.819491,0.171886,8,8,
8,4097,158,112.244257,0.187506,8,8,
8,8193,159,69.687869,0.203128,8,8,
9,17,0,190.062026,4.087463,1,1,
9,33,1,44.050870,5.044394,1,1,
9,65,2,13.114817,6.022368,1,1,
9,129,3,3.344066,7.011227,1,1,
9,257,4,1.026897,8.005625,1,1,
9,513,5,0.240844,9.002815,1,1,
9,1025,6,0.060903,10.001408,1,1,
9,2049,7,0.014514,11.000704,1,1,
9,4097,8,0.004086,12.000352,1,1,
9,8193,9,0.001537,13.000176,1,1,
9,17,10,1349.917342,2.043731,1,2,
9,33,11,719.465895,2.522197,1,2,
9,65,12,355.335599,3.011184,1,2,
9,129,13,184.161943,3.505614,1,2,
9,257,14,89.166546,4.002812,1,2,
9,513,15,37.479598,4.501408,1,2,
9,1025,16,15.919000,5.000704,1,2,
9,2049,17,6.889231,5.500352,1,2,
9,4097,18,2.750758,6.000176,1,2,
9,8193,19,1.162797,6.500088,1,2,
9,17,20,1250.571108,2.043731,2,1,
9,33,21,702.801868,2.522197,2,1,
9,65,22,356.176554,3.011184,2,1,
9,129,23,181.713547,3.505614,2,1,
9,257,24,85.560234,4.002812,2,1,
9,513,25,37.929771,4.501408,2,1,
9,1025,26,16.264749,5.000704,2,1,
9,2049,27,7.164043,5.500352,2,1,
9,4097,28,2.946010,6.000176,2,1,
9,8193,29,1.228075,6.500088,2,1,
9,17,30,3095.618855,1.021866,2,2,
9,33,31,2256.782905,1.261099,2,2,
9,65,32,1591.033529,1.505592,2,2,
9,129,33,1115.773683,1.752807,2,2,
9,257,34,706.668541,2.001406,2,2,
9,513,35,429.530132,2.250704,2,2,
9,1025,36,235.140368,2.500352,2,2,
9,2049,37,116.720214,2.750176,2,2,
9,4097,38,53.974389,3.000088,2,2,
9,8193,39,22.788798,3.250044,2,2,
9,17,40,3123.135263,1.021866,1,4,
9,33,41,2387.586314,1.261099,1,4,
9,65,42,1619.668243,1.505592,1,4,
9,129,43,1186.807822,1.752807,1,4,
9,257,44,757.750290,2.001406,1,4,
9,513,45,471.368052,2.250704,1,4,
9,1025,46,271.278425,2.500352,1,4,
9,2049,47,151.225470,2.750176,1,4,
9,4097,48,92.057430,3.000088,1,4,
9,8193,49,60.414413,3.250044,1,4,
9,17,50,3067.408702,1.021866,4,1,
9,33,51,2103.043330,1.261099,4,1,
9,65,52,1557.834331,1.505592,4,1,
9,129,53,1049.387637,1.752807,4,1,
9,257,54,693.046249,2.001406,4,1,
9,513,55,425.416925,2.250704,4,1,
9,1025,56,236.363434,2.500352,4,1,
9,2049,57,115.019511,2.750176,4,1,
9,4097,58,52.333654,3.000088,4,1,
9,8193,59,23.235091,3.250044,4,1,
9,17,60,4556.132322,0.510933,2,4,
9,33,61,3787.221641,0.630549,2,4,
9,65,62,3037.094139,0.752796,2,4,
9,129,63,2435.811352,0.876403,2,4,
9,257,64,1730.482088,1.000703,2,4,
9,513,65,1146.810248,1.125352,2,4,
9,1025,66,659.835712,1.250176,2,4,
9,2049,67,352.329214,1.375088,2,4,
9,4097,68,154.397745,1.500044,2,4,
9,8193,69,61.959490,1.625022,2,4,
9,17,70,4479.739012,0.510933,4,2,
9,33,71,3590.171715,0.630549,4,2,
9,65,72,2993.446163,0.752796,4,2,
9,129,73,2330.542111,0.876403,4,2,
9,257,74,1726.179062,1.000703,4,2,
9,513,75,1132.117183,1.125352,4,2,
9,1025,76,670.972956,1.250176,4,2,
9,2049,77,319.851272,1.375088,4,2,
9,4097,78,150.874022,1.500044,4,2,
9,8193,79,63.740996,1.625022,4,2,
9,17,80,5813.511624,0.255466,4,4,
9,33,81,4760.867343,0.315275,4,4,
9,65,82,4034.928483,0.376398,4,4,
9,129,83,3222.152853,0.438202,4,4,
9,257,84,2398.649454,0.500352,4,4,
9,513,85,1526.109693,0.562676,4,4,
9,1025,86,851.238719,0.625088,4,4,
9,2049,87,421.312631,0.687544,4,4,
9,4097,88,225.421445,0.750022,4,4,
9,8193,89,83.671400,0.812511,4,4,
9,17,90,4547.980313,0.510933,1,8,
9,33,91,3884.233862,0.630549,1,8,
9,65,92,3061.838361,0.752796,1,8,
9,129,93,2449.784730,0.876403,1,8,
9,257,94,1787.483986,1.000703,1,8,
9,513,95,1210.016562,1.125352,1,8,
9,1025,96,738.097255,1.250176,1,8,
9,2049,97,405.275537,1.375088,1,8,
9,4097,98,225.190326,1.500044,1,8,
9,8193,99,134.222002,1.625022,1,8,
9,17,100,4470.594701,0.510933,8,1,
9,33,101,3570.984712,0.630549,8,1,
9,65,102,2928.262370,0.752796,8,1,
9,129,103,2321.558846,0.876403,8,1,
9,257,104,1715.314136,1.000703,8,1,
9,513,105,1106.610791,1.125352,8,1,
9,1025,106,657.809920,1.250176,8,1,
9,2049,107,342.950848,1.375088,8,1,
9,4097,108,146.174951,1.500044,8,1,
9,8193,109,62.937037,1.625022,8,1,
9,17,110,5531.540644,0.255466,2,8,
9,33,111,4951.683775,0.315275,2,8,
9,65,112,4118.526948,0.376398,2,8,
9,129,113,3320.934944,0.438202,2,8,
9,257,114,2361.754605,0.500352,2,8,
9,513,115,1516.251736,0.562676,2,8,
9,1025,116,962.343101,0.625088,2,8,
9,2049,117,529.625477,0.687544,2,8,
9,4097,118,283.853174,0.750022,2,8,
9,8193,119,162.812755,0.812511,2,8,
9,17,120,5283.373019,0.255466,8,2,
9,33,121,4750.221852,0.315275,8,2,
9,65,122,4048.718463,0.376398,8,2,
9,129,123,3239.712010,0.438202,8,2,
9,257,124,2408.486654,0.500352,8,2,
9,513,125,1586.367071,0.562676,8,2,
9,1025,126,878.061828,0.625088,8,2,
9,2049,127,427.460415,0.687544,8,2,
9,4097,128,184.811670,0.750022,8,2,
9,8193,129,87.063550,0.812511,8,2,
9,17,130,6245.324924,0.127733,4,8,
9,33,131,5726.511985,0.157637,4,8,
9,65,132,4830.336699,0.188199,4,8,
9,129,133,3607.181430,0.219101,4,8,
9,257,134,2353.161198,0.250176,4,8,
9,513,135,1543.433977,0.281338,4,8,
9,1025,136,964.534102,0.312544,4,8,
9,2049,137,416.768988,0.343772,4,8,
9,4097,138,309.576486,0.375011,4,8,
9,8193,139,182.398717,0.406256,4,8,
9,17,140,6398.915759,0.127733,8,4,
9,33,141,5389.648798,0.157637,8,4,
9,65,142,4641.924438,0.188199,8,4,
9,129,143,3597.441272,0.219101,8,4,
9,257,144,2394.450383,0.250176,8,4,
9,513,145,1407.185812,0.281338,8,4,
9,1025,146,861.633203,0.312544,8,4,
9,2049,147,439.025716,0.343772,8,4,
9,4097,148,209.044370,0.375011,8,4,
9,8193,149,97.183533,0.406256,8,4,
9,17,150,6607.160767,0.063867,8,8,
9,33,151,5620.642963,0.078819,8,8,
9,65,152,4561.889691,0.094099,8,8,
9,129,153,3133.110222,0.109550,8,8,
9,257,154,2114.234797,0.125088,8,8,
9,513,155,1328.440918,0.140669,8,8,
9,1025,156,752.317848,0.156272,8,8,
9,2049,157,354.592605,0.171886,8,8,
9,4097,158,364.185174,0.187506,8,8,
9,8193,159,105.908832,0.203128,8,8,
