0,17,0,2861.754704,4.087463,1,1,
0,33,1,945.902013,5.044394,1,1,
0,65,2,320.479995,6.022368,1,1,
0,129,3,102.427501,7.011227,1,1,
0,257,4,34.751347,8.005625,1,1,
0,513,5,14.299965,9.002815,1,1,
0,1025,6,8.615927,10.001408,1,1,
0,2049,7,3.906191,11.000704,1,1,
0,4097,8,1.628810,12.000352,1,1,
0,8193,9,1.558295,13.000176,1,1,
0,17,10,11079.057787,2.043731,1,2,
0,33,11,5598.630681,2.522197,1,2,
0,65,12,3941.701004,3.011184,1,2,
0,129,13,1590.054718,3.505614,1,2,
0,257,14,1102.989889,4.002812,1,2,
0,513,15,497.421576,4.501408,1,2,
0,1025,16,263.774827,5.000704,1,2,
0,2049,17,136.813288,5.500352,1,2,
0,4097,18,79.328883,6.000176,1,2,
0,8193,19,54.663713,6.500088,1,2,
0,17,20,9749.480482,2.043731,2,1,
0,33,21,6687.635676,2.522197,2,1,
0,65,22,3144.415411,3.011184,2,1,
0,129,23,1788.555532,3.505614,2,1,
0,257,24,1064.132997,4.002812,2,1,
0,513,25,596.348300,4.501408,2,1,
0,1025,26,351.011687,5.000704,2,1,
0,2049,27,214.654696,5.500352,2,1,
0,4097,28,127.678794,6.000176,2,1,
0,8193,29,102.650675,6.500088,2,1,
0,17,30,19496.157054,1.021866,2,2,
0,33,31,14517.582909,1.261099,2,2,
0,65,32,10990.381702,1.505592,2,2,
0,129,33,7798.836285,1.752807,2,2,
0,257,34,5448.183589,2.001406,2,2,
0,513,35,3896.192786,2.250704,2,2,
0,1025,36,2908.761132,2.500352,2,2,
0,2049,37,2210.256369,2.750176,2,2,
0,4097,38,1672.311469,3.000088,2,2,
0,8193,39,1421.440965,3.250044,2,2,
0,17,40,400012444.458527,1.021866,1,4,
0,33,41,400008812.291494,1.261099,1,4,
0,65,42,400006601.070444,0.503355,1,4,
0,129,43,400004762.884314,0.651684,1,4,
0,257,44,400003454.143292,0.800844,1,4,
0,513,45,400002557.950821,0.950422,1,4,
0,1025,46,400001906.705233,1.100211,1,4,
0,2049,47,400001359.067732,1.250106,1,4,
0,4097,48,400001076.356076,1.400053,1,4,
0,8193,49,400000882.171139,1.550026,1,4,
0,17,50,18745.742757,1.021866,4,1,
0,33,51,13394.434092,1.261099,4,1,
0,65,52,11347.586655,1.505592,4,1,
0,129,53,200005461.404453,1.202245,4,1,
0,257,54,200003945.348544,1.401125,4,1,
0,513,55,200002815.852864,1.600563,4,1,
0,1025,56,200002068.815537,1.800282,4,1,
0,2049,57,200001474.917931,2.000141,4,1,
0,4097,58,200001157.516803,2.200070,4,1,
0,8193,59,200000910.111621,2.400035,4,1,
0,17,60,31509.256698,0.510933,2,4,
0,33,61,24321.907984,0.630549,2,4,
0,65,62,19148.790602,0.752796,2,4,
0,129,63,16165.388759,0.876403,2,4,
0,257,64,13008.766173,1.000703,2,4,
0,513,65,11250.231044,1.125352,2,4,
0,1025,66,9162.594718,1.250176,2,4,
0,2049,67,7865.741921,1.375088,2,4,
0,4097,68,6975.503639,1.500044,2,4,
0,8193,69,6538.426306,1.625022,2,4,
0,17,70,30341.058683,0.510933,4,2,
0,33,71,21653.014254,0.630549,4,2,
0,65,72,17825.294744,0.752796,4,2,
0,129,73,15090.561152,0.876403,4,2,
0,257,74,12520.823893,1.000703,4,2,
0,513,75,10531.583701,1.125352,4,2,
0,1025,76,8965.491898,1.250176,4,2,
0,2049,77,7705.779282,1.375088,4,2,
0,4097,78,6869.959377,1.500044,4,2,
0,8193,79,6358.456585,1.625022,4,2,
0,17,80,38072.451585,0.255466,4,4,
0,33,81,31675.616945,0.315275,4,4,
0,65,82,27555.051455,0.376398,4,4,
0,129,83,23602.302969,0.438202,4,4,
0,257,84,21102.496578,0.500352,4,4,
0,513,85,19730.581770,0.562676,4,4,
0,1025,86,200013821.840648,0.300070,4,4,
0,2049,87,200012599.761987,0.350035,4,4,
0,4097,88,200012070.981713,0.400018,4,4,
0,8193,89,200011748.890271,0.450009,4,4,
0,17,90,400021451.902888,0.510933,1,8,
0,33,91,400017683.314311,0.630549,1,8,
0,65,92,400014203.598750,0.051678,1,8,
0,129,93,400012266.826398,0.125842,1,8,
0,257,94,400010419.638545,0.200422,1,8,
0,513,95,400008646.192788,0.275211,1,8,
0,1025,96,400007350.513907,0.350106,1,8,
0,2049,97,400006183.669514,0.425053,1,8,
0,4097,98,400005296.398714,0.500026,1,8,
0,8193,99,400005037.010678,0.575013,1,8,
0,17,100,33321.777969,0.510933,8,1,
0,33,101,25999.031583,0.630549,8,1,
0,65,102,20547.575345,0.752796,8,1,
0,129,103,16782.181292,0.876403,8,1,
0,257,104,200011616.959583,0.600562,8,1,
0,513,105,200010132.079159,0.700282,8,1,
0,1025,106,200008761.404137,0.800141,8,1,
0,2049,107,200007400.832492,0.900070,8,1,
0,4097,108,200006492.345068,1.000035,8,1,
0,8193,109,200006133.297907,1.100018,8,1,
0,17,110,400025367.981806,0.255466,2,8,
0,33,111,400020960.672754,0.315275,2,8,
0,65,112,400018161.610353,-0.174161,2,8,
0,129,113,400015485.666978,-0.137079,2,8,
0,257,114,400014871.989679,-0.099789,2,8,
0,513,115,400013271.464588,-0.062394,2,8,
0,1025,116,400012373.472625,-0.024947,2,8,
0,2049,117,400011593.060563,0.012526,2,8,
0,4097,118,400011034.544732,0.050013,2,8,
0,8193,119,400010804.985932,0.087507,2,8,
0,17,120,39759.222376,0.255466,8,2,
0,33,121,32968.619467,0.315275,8,2,
0,65,122,28134.850672,0.376398,8,2,
0,129,123,200022665.071671,0.150561,8,2,
0,257,124,200019501.218609,0.200281,8,2,
0,513,125,200017853.679573,0.250141,8,2,
0,1025,126,200016512.896815,0.300070,8,2,
0,2049,127,200014802.984948,0.350035,8,2,
0,4097,128,200014316.303638,0.400018,8,2,
0,8193,129,200013953.487801,0.450009,8,2,
0,17,130,400030835.901713,0.127733,4,8,
0,33,131,400024754.032015,0.157637,4,8,
0,65,132,400022397.521152,-0.287081,4,8,
0,129,133,600018989.246407,-0.512360,4,8,
0,257,134,600017339.620658,-0.499930,4,8,
0,513,135,600016350.641261,-0.487465,4,8,
0,1025,136,600015265.329641,-0.474982,4,8,
0,2049,137,600014684.926219,-0.462491,4,8,
0,4097,138,600014305.881125,-0.449996,4,8,
0,8193,139,600014241.390863,-0.437498,4,8,
0,17,140,47415.987203,0.127733,8,4,
0,33,141,40889.145957,0.157637,8,4,
0,65,142,38151.501492,0.188199,8,4,
0,129,143,33604.890647,0.219101,8,4,
0,257,144,200029044.720136,0.000141,8,4,
0,513,145,400021886.788568,-0.231197,8,4,
0,1025,146,400020033.215079,-0.212474,8,4,
0,2049,147,400019720.455539,-0.193737,8,4,
0,4097,148,400019291.639637,-0.174993,8,4,
0,8193,149,400019130.817721,-0.156247,8,4,
0,17,150,61004.756433,0.063867,8,8,
0,33,151,55001.540029,0.078819,8,8,
0,65,152,51557.456879,0.094099,8,8,
0,129,153,200044218.795018,-0.112360,8,8,
0,257,154,200043381.038100,-0.099930,8,8,
0,513,155,400031774.653764,-0.315599,8,8,
0,1025,156,400031351.155291,-0.306237,8,8,
0,2049,157,600017317.373919,-0.531246,8,8,
0,4097,158,800007363.248360,-0.762499,8,8,
0,8193,159,800007256.967209,-0.759374,8,8,
1,17,0,59.741195,4.087463,1,1,
1,33,1,33.347235,5.044394,1,1,
1,65,2,12.061445,6.022368,1,1,
1,129,3,4.735888,7.011227,1,1,
1,257,4,2.168291,8.005625,1,1,
1,513,5,0.862500,9.002815,1,1,
1,1025,6,0.340878,10.001408,1,1,
1,2049,7,0.199987,11.000704,1,1,
1,4097,8,0.130013,12.000352,1,1,
1,8193,9,0.077807,13.000176,1,1,
1,17,10,178.570115,2.043731,1,2,
1,33,11,116.170472,2.522197,1,2,
1,65,12,71.598711,3.011184,1,2,
1,129,13,39.330310,3.505614,1,2,
1,257,14,20.138735,4.002812,1,2,
1,513,15,10.138789,4.501408,1,2,
1,1025,16,6.401223,5.000704,1,2,
1,2049,17,3.163453,5.500352,1,2,
1,4097,18,2.108127,6.000176,1,2,
1,8193,19,1.206980,6.500088,1,2,
1,17,20,150.413918,2.043731,2,1,
1,33,21,110.294064,2.522197,2,1,
1,65,22,59.742246,3.011184,2,1,
1,129,23,30.630875,3.505614,2,1,
1,257,24,18.384500,4.002812,2,1,
1,513,25,10.651611,4.501408,2,1,
1,1025,26,5.512666,5.000704,2,1,
1,2049,27,3.103815,5.500352,2,1,
1,4097,28,1.714025,6.000176,2,1,
1,8193,29,1.169315,6.500088,2,1,
1,17,30,248.866912,1.021866,2,2,
1,33,31,205.113800,1.261099,2,2,
1,65,32,146.779249,1.505592,2,2,
1,129,33,101.867659,1.752807,2,2,
1,257,34,77.245033,2.001406,2,2,
1,513,35,61.777412,2.250704,2,2,
1,1025,36,39.613507,2.500352,2,2,
1,2049,37,30.988509,2.750176,2,2,
1,4097,38,21.787943,3.000088,2,2,
1,8193,39,17.006813,3.250044,2,2,
1,17,40,250.368062,1.021866,1,4,
1,33,41,209.211216,1.261099,1,4,
1,65,42,167.667169,1.505592,1,4,
1,129,43,128.472757,1.752807,1,4,
1,257,44,84.705655,2.001406,1,4,
1,513,45,65.663932,2.250704,1,4,
1,1025,46,46.927584,2.500352,1,4,
1,2049,47,33.807095,2.750176,1,4,
1,4097,48,24.990545,3.000088,1,4,
1,8193,49,19.337778,3.250044,1,4,
1,17,50,231.446315,1.021866,4,1,
1,33,51,183.993322,1.261099,4,1,
1,65,52,132.609185,1.505592,4,1,
1,129,53,91.939519,1.752807,4,1,
1,257,54,64.904999,2.001406,4,1,
1,513,55,46.196820,2.250704,4,1,
1,1025,56,33.398730,2.500352,4,1,
1,2049,57,25.440059,2.750176,4,1,
1,4097,58,17.368168,3.000088,4,1,
1,8193,59,13.350269,3.250044,4,1,
1,17,60,319.548738,0.510933,2,4,
1,33,61,277.290657,0.630549,2,4,
1,65,62,243.302306,0.752796,2,4,
1,129,63,207.115381,0.876403,2,4,
1,257,64,174.506214,1.000703,2,4,
1,513,65,137.289996,1.125352,2,4,
1,1025,66,113.976495,1.250176,2,4,
1,2049,67,97.611903,1.375088,2,4,
1,4097,68,81.703436,1.500044,2,4,
1,8193,69,71.226411,1.625022,2,4,
1,17,70,311.365720,0.510933,4,2,
1,33,71,256.596147,0.630549,4,2,
1,65,72,221.546988,0.752796,4,2,
1,129,73,174.495684,0.876403,4,2,
1,257,74,142.935944,1.000703,4,2,
1,513,75,119.813994,1.125352,4,2,
1,1025,76,98.749980,1.250176,4,2,
1,2049,77,82.489229,1.375088,4,2,
1,4097,78,66.694810,1.500044,4,2,
1,8193,79,57.476469,1.625022,4,2,
1,17,80,345.729478,0.255466,4,4,
1,33,81,319.132347,0.315275,4,4,
1,65,82,292.901787,0.376398,4,4,
1,129,83,265.781193,0.438202,4,4,
1,257,84,229.343440,0.500352,4,4,
1,513,85,196.801258,0.562676,4,4,
1,1025,86,172.913509,0.625088,4,4,
1,2049,87,155.539041,0.687544,4,4,
1,4097,88,142.101736,0.750022,4,4,
1,8193,89,133.057388,0.812511,4,4,
1,17,90,327.272956,0.510933,1,8,
1,33,91,285.330797,0.630549,1,8,
1,65,92,259.926941,0.752796,1,8,
1,129,93,228.807393,0.876403,1,8,
1,257,94,192.222911,1.000703,1,8,
1,513,95,159.658898,1.125352,1,8,
1,1025,96,134.788936,1.250176,1,8,
1,2049,97,110.886490,1.375088,1,8,
1,4097,98,95.981198,1.500044,1,8,
1,8193,99,86.211614,1.625022,1,8,
1,17,100,298.814588,0.510933,8,1,
1,33,101,247.048983,0.630549,8,1,
1,65,102,211.487434,0.752796,8,1,
1,129,103,172.130952,0.876403,8,1,
1,257,104,139.649263,1.000703,8,1,
1,513,105,118.171850,1.125352,8,1,
1,1025,106,98.135519,1.250176,8,1,
1,2049,107,80.912938,1.375088,8,1,
1,4097,108,67.537424,1.500044,8,1,
1,8193,109,59.436748,1.625022,8,1,
1,17,110,349.815816,0.255466,2,8,
1,33,111,330.810181,0.315275,2,8,
1,65,112,304.324735,0.376398,2,8,
1,129,113,279.627871,0.438202,2,8,
1,257,114,252.786415,0.500352,2,8,
1,513,115,227.081884,0.562676,2,8,
1,1025,116,200.213377,0.625088,2,8,
1,2049,117,181.678676,0.687544,2,8,
1,4097,118,169.027103,0.750022,2,8,
1,8193,119,159.698745,0.812511,2,8,
1,17,120,342.560891,0.255466,8,2,
1,33,121,320.472798,0.315275,8,2,
1,65,122,282.624922,0.376398,8,2,
1,129,123,247.048626,0.438202,8,2,
1,257,124,216.764578,0.500352,8,2,
1,513,125,190.075863,0.562676,8,2,
1,1025,126,170.835269,0.625088,8,2,
1,2049,127,152.381252,0.687544,8,2,
1,4097,128,138.241139,0.750022,8,2,
1,8193,129,128.983281,0.812511,8,2,
1,17,130,375.499546,0.127733,4,8,
1,33,131,360.361690,0.157637,4,8,
1,65,132,338.035216,0.188199,4,8,
1,129,133,321.313524,0.219101,4,8,
1,257,134,293.500223,0.250176,4,8,
1,513,135,274.998347,0.281338,4,8,
1,1025,136,254.655329,0.312544,4,8,
1,2049,137,240.336718,0.343772,4,8,
1,4097,138,229.769910,0.375011,4,8,
1,8193,139,224.006297,0.406256,4,8,
1,17,140,373.935421,0.127733,8,4,
1,33,141,354.378009,0.157637,8,4,
1,65,142,339.468391,0.188199,8,4,
1,129,143,314.133511,0.219101,8,4,
1,257,144,288.874945,0.250176,8,4,
1,513,145,264.395555,0.281338,8,4,
1,1025,146,246.462727,0.312544,8,4,
1,2049,147,229.752015,0.343772,8,4,
1,4097,148,218.573403,0.375011,8,4,
1,8193,149,213.235155,0.406256,8,4,
1,17,150,389.989862,0.063867,8,8,
1,33,151,379.376147,0.078819,8,8,
1,65,152,369.784335,0.094099,8,8,
1,129,153,357.378606,0.109550,8,8,
1,257,154,342.809341,0.125088,8,8,
1,513,155,327.469551,0.140669,8,8,
1,1025,156,316.044032,0.156272,8,8,
1,2049,157,306.830382,0.171886,8,8,
1,4097,158,300.888841,0.187506,8,8,
1,8193,159,295.882442,0.203128,8,8,
2,17,0,8.351693,4.087463,1,1,
2,33,1,4.948374,5.044394,1,1,
2,65,2,2.004721,6.022368,1,1,
2,129,3,0.658626,7.011227,1,1,
2,257,4,0.360247,8.005625,1,1,
2,513,5,0.108196,9.002815,1,1,
2,1025,6,0.047713,10.001408,1,1,
2,2049,7,0.020774,11.000704,1,1,
2,4097,8,0.007520,12.000352,1,1,
2,8193,9,0.003811,13.000176,1,1,
2,17,10,23.001646,2.043731,1,2,
2,33,11,14.438945,2.522197,1,2,
2,65,12,8.571391,3.011184,1,2,
2,129,13,4.705353,3.505614,1,2,
2,257,14,2.914041,4.002812,1,2,
2,513,15,1.588244,4.501408,1,2,
2,1025,16,0.896259,5.000704,1,2,
2,2049,17,0.494805,5.500352,1,2,
2,4097,18,0.267690,6.000176,1,2,
2,8193,19,0.172599,6.500088,1,2,
2,17,20,22.274861,2.043731,2,1,
2,33,21,13.651389,2.522197,2,1,
2,65,22,8.533138,3.011184,2,1,
2,129,23,5.322906,3.505614,2,1,
2,257,24,3.116963,4.002812,2,1,
2,513,25,1.635505,4.501408,2,1,
2,1025,26,1.036067,5.000704,2,1,
2,2049,27,0.533380,5.500352,2,1,
2,4097,28,0.263141,6.000176,2,1,
2,8193,29,0.163031,6.500088,2,1,
2,17,30,35.598225,1.021866,2,2,
2,33,31,28.117388,1.261099,2,2,
2,65,32,21.874703,1.505592,2,2,
2,129,33,16.401460,1.752807,2,2,
2,257,34,12.118307,2.001406,2,2,
2,513,35,9.094968,2.250704,2,2,
2,1025,36,6.617079,2.500352,2,2,
2,2049,37,4.864306,2.750176,2,2,
2,4097,38,3.589676,3.000088,2,2,
2,8193,39,2.682697,3.250044,2,2,
2,17,40,37.439837,1.021866,1,4,
2,33,41,29.746927,1.261099,1,4,
2,65,42,22.739809,1.505592,1,4,
2,129,43,16.991234,1.752807,1,4,
2,257,44,12.761498,2.001406,1,4,
2,513,45,9.546943,2.250704,1,4,
2,1025,46,6.622195,2.500352,1,4,
2,2049,47,4.885647,2.750176,1,4,
2,4097,48,3.539543,3.000088,1,4,
2,8193,49,2.616576,3.250044,1,4,
2,17,50,35.010102,1.021866,4,1,
2,33,51,26.421213,1.261099,4,1,
2,65,52,21.300941,1.505592,4,1,
2,129,53,15.150271,1.752807,4,1,
2,257,54,10.809243,2.001406,4,1,
2,513,55,8.128019,2.250704,4,1,
2,1025,56,5.735563,2.500352,4,1,
2,2049,57,4.054698,2.750176,4,1,
2,4097,58,2.985704,3.000088,4,1,
2,8193,59,2.209329,3.250044,4,1,
2,17,60,44.940130,0.510933,2,4,
2,33,61,40.862005,0.630549,2,4,
2,65,62,36.202758,0.752796,2,4,
2,129,63,30.648470,0.876403,2,4,
2,257,64,26.268252,1.000703,2,4,
2,513,65,22.376904,1.125352,2,4,
2,1025,66,19.031730,1.250176,2,4,
2,2049,67,15.948804,1.375088,2,4,
2,4097,68,13.512870,1.500044,2,4,
2,8193,69,11.649035,1.625022,2,4,
2,17,70,45.502986,0.510933,4,2,
2,33,71,40.016484,0.630549,4,2,
2,65,72,33.804734,0.752796,4,2,
2,129,73,29.471377,0.876403,4,2,
2,257,74,24.901256,1.000703,4,2,
2,513,75,21.178106,1.125352,4,2,
2,1025,76,17.729956,1.250176,4,2,
2,2049,77,14.756871,1.375088,4,2,
2,4097,78,12.377081,1.500044,4,2,
2,8193,79,10.615588,1.625022,4,2,
2,17,80,51.476458,0.255466,4,4,
2,33,81,48.190657,0.315275,4,4,
2,65,82,45.209431,0.376398,4,4,
2,129,83,40.968673,0.438202,4,4,
2,257,84,37.909658,0.500352,4,4,
2,513,85,34.117840,0.562676,4,4,
2,1025,86,31.191954,0.625088,4,4,
2,2049,87,28.354005,0.687544,4,4,
2,4097,88,25.679302,0.750022,4,4,
2,8193,89,24.158096,0.812511,4,4,
2,17,90,47.238369,0.510933,1,8,
2,33,91,41.269494,0.630549,1,8,
2,65,92,35.578792,0.752796,1,8,
2,129,93,31.169195,0.876403,1,8,
2,257,94,26.876919,1.000703,1,8,
2,513,95,23.425126,1.125352,1,8,
2,1025,96,19.715233,1.250176,1,8,
2,2049,97,16.731722,1.375088,1,8,
2,4097,98,14.089834,1.500044,1,8,
2,8193,99,12.099533,1.625022,1,8,
2,17,100,44.326503,0.510933,8,1,
2,33,101,39.542800,0.630549,8,1,
2,65,102,32.939783,0.752796,8,1,
2,129,103,27.583168,0.876403,8,1,
2,257,104,23.296035,1.000703,8,1,
2,513,105,19.135165,1.125352,8,1,
2,1025,106,16.470775,1.250176,8,1,
2,2049,107,13.730733,1.375088,8,1,
2,4097,108,11.541928,1.500044,8,1,
2,8193,109,9.663331,1.625022,8,1,
2,17,110,53.022592,0.255466,2,8,
2,33,111,48.648609,0.315275,2,8,
2,65,112,45.641882,0.376398,2,8,
2,129,113,41.741046,0.438202,2,8,
2,257,114,38.619847,0.500352,2,8,
2,513,115,34.986225,0.562676,2,8,
2,1025,116,31.731442,0.625088,2,8,
2,2049,117,29.178940,0.687544,2,8,
2,4097,118,26.906255,0.750022,2,8,
2,8193,119,25.174810,0.812511,2,8,
2,17,120,51.843582,0.255466,8,2,
2,33,121,47.556373,0.315275,8,2,
2,65,122,43.516649,0.376398,8,2,
2,129,123,39.863945,0.438202,8,2,
2,257,124,36.250864,0.500352,8,2,
2,513,125,32.901333,0.562676,8,2,
2,1025,126,29.619928,0.625088,8,2,
2,2049,127,27.106630,0.687544,8,2,
2,4097,128,24.553415,0.750022,8,2,
2,8193,129,22.853917,0.812511,8,2,
2,17,130,55.944349,0.127733,4,8,
2,33,131,53.490805,0.157637,4,8,
2,65,132,51.385431,0.188199,4,8,
2,129,133,48.780816,0.219101,4,8,
2,257,134,46.210446,0.250176,4,8,
2,513,135,44.170022,0.281338,4,8,
2,1025,136,41.996204,0.312544,4,8,
2,2049,137,40.030172,0.343772,4,8,
2,4097,138,38.512094,0.375011,4,8,
2,8193,139,37.241619,0.406256,4,8,
2,17,140,55.688435,0.127733,8,4,
2,33,141,53.163865,0.157637,8,4,
2,65,142,51.310693,0.188199,8,4,
2,129,143,48.315517,0.219101,8,4,
2,257,144,45.821529,0.250176,8,4,
2,513,145,43.593220,0.281338,8,4,
2,1025,146,41.412674,0.312544,8,4,
2,2049,147,39.529345,0.343772,8,4,
2,4097,148,37.886638,0.375011,8,4,
2,8193,149,36.703548,0.406256,8,4,
2,17,150,57.729508,0.063867,8,8,
2,33,151,56.343548,0.078819,8,8,
2,65,152,55.110428,0.094099,8,8,
2,129,153,53.793165,0.109550,8,8,
2,257,154,52.061778,0.125088,8,8,
2,513,155,51.104703,0.140669,8,8,
2,1025,156,49.922389,0.156272,8,8,
2,2049,157,49.016191,0.171886,8,8,
2,4097,158,47.980610,0.187506,8,8,
2,8193,159,47.549093,0.203128,8,8,
3,17,0,8.216242,4.087463,1,1,
3,33,1,3.358793,5.044394,1,1,
3,65,2,0.850591,6.022368,1,1,
3,129,3,0.225250,7.011227,1,1,
3,257,4,0.087877,8.005625,1,1,
3,513,5,0.029090,9.002815,1,1,
3,1025,6,0.010485,10.001408,1,1,
3,2049,7,0.005193,11.000704,1,1,
3,4097,8,0.003384,12.000352,1,1,
3,8193,9,0.002212,13.000176,1,1,
3,17,10,34.809052,2.043731,1,2,
3,33,11,16.929067,2.522197,1,2,
3,65,12,9.667412,3.011184,1,2,
3,129,13,5.657955,3.505614,1,2,
3,257,14,2.811621,4.002812,1,2,
3,513,15,1.582767,4.501408,1,2,
3,1025,16,0.903088,5.000704,1,2,
3,2049,17,0.415395,5.500352,1,2,
3,4097,18,0.250385,6.000176,1,2,
3,8193,19,0.143752,6.500088,1,2,
3,17,20,30.561391,2.043731,2,1,
3,33,21,19.328380,2.522197,2,1,
3,65,22,10.674926,3.011184,2,1,
3,129,23,6.198557,3.505614,2,1,
3,257,24,3.200259,4.002812,2,1,
3,513,25,1.546255,4.501408,2,1,
3,1025,26,0.905815,5.000704,2,1,
3,2049,27,0.491879,5.500352,2,1,
3,4097,28,0.285076,6.000176,2,1,
3,8193,29,0.149302,6.500088,2,1,
3,17,30,65.242956,1.021866,2,2,
3,33,31,46.535242,1.261099,2,2,
3,65,32,33.440793,1.505592,2,2,
3,129,33,24.692674,1.752807,2,2,
3,257,34,18.494633,2.001406,2,2,
3,513,35,13.360684,2.250704,2,2,
3,1025,36,9.370810,2.500352,2,2,
3,2049,37,6.675720,2.750176,2,2,
3,4097,38,5.000075,3.000088,2,2,
3,8193,39,3.622325,3.250044,2,2,
3,17,40,61.007552,1.021866,1,4,
3,33,41,45.896431,1.261099,1,4,
3,65,42,35.649646,1.505592,1,4,
3,129,43,25.321484,1.752807,1,4,
3,257,44,18.834336,2.001406,1,4,
3,513,45,13.761410,2.250704,1,4,
3,1025,46,9.789649,2.500352,1,4,
3,2049,47,7.120964,2.750176,1,4,
3,4097,48,5.258637,3.000088,1,4,
3,8193,49,3.815698,3.250044,1,4,
3,17,50,66.407865,1.021866,4,1,
3,33,51,46.134444,1.261099,4,1,
3,65,52,33.844860,1.505592,4,1,
3,129,53,26.037471,1.752807,4,1,
3,257,54,18.268460,2.001406,4,1,
3,513,55,13.669869,2.250704,4,1,
3,1025,56,9.565482,2.500352,4,1,
3,2049,57,6.793769,2.750176,4,1,
3,4097,58,5.037821,3.000088,4,1,
3,8193,59,3.606069,3.250044,4,1,
3,17,60,84.293148,0.510933,2,4,
3,33,61,70.791911,0.630549,2,4,
3,65,62,60.531685,0.752796,2,4,
3,129,63,50.696949,0.876403,2,4,
3,257,64,43.472818,1.000703,2,4,
3,513,65,36.754641,1.125352,2,4,
3,1025,66,30.858616,1.250176,2,4,
3,2049,67,25.934233,1.375088,2,4,
3,4097,68,21.762006,1.500044,2,4,
3,8193,69,18.871638,1.625022,2,4,
3,17,70,86.920094,0.510933,4,2,
3,33,71,70.174381,0.630549,4,2,
3,65,72,58.998558,0.752796,4,2,
3,129,73,49.657289,0.876403,4,2,
3,257,74,42.544644,1.000703,4,2,
3,513,75,35.193765,1.125352,4,2,
3,1025,76,29.564906,1.250176,4,2,
3,2049,77,25.060969,1.375088,4,2,
3,4097,78,21.025946,1.500044,4,2,
3,8193,79,17.780429,1.625022,4,2,
3,17,80,99.800948,0.255466,4,4,
3,33,81,89.638954,0.315275,4,4,
3,65,82,80.043227,0.376398,4,4,
3,129,83,71.485071,0.438202,4,4,
3,257,84,64.574605,0.500352,4,4,
3,513,85,59.173003,0.562676,4,4,
3,1025,86,53.486607,0.625088,4,4,
3,2049,87,48.742237,0.687544,4,4,
3,4097,88,44.394358,0.750022,4,4,
3,8193,89,40.968916,0.812511,4,4,
3,17,90,84.188339,0.510933,1,8,
3,33,91,74.185512,0.630549,1,8,
3,65,92,58.929291,0.752796,1,8,
3,129,93,51.417911,0.876403,1,8,
3,257,94,43.480776,1.000703,1,8,
3,513,95,38.182700,1.125352,1,8,
3,1025,96,32.330295,1.250176,1,8,
3,2049,97,27.582383,1.375088,1,8,
3,4097,98,23.550731,1.500044,1,8,
3,8193,99,20.193378,1.625022,1,8,
3,17,100,89.997525,0.510933,8,1,
3,33,101,74.376405,0.630549,8,1,
3,65,102,61.177213,0.752796,8,1,
3,129,103,53.655115,0.876403,8,1,
3,257,104,44.027290,1.000703,8,1,
3,513,105,36.869847,1.125352,8,1,
3,1025,106,31.285031,1.250176,8,1,
3,2049,107,26.134170,1.375088,8,1,
3,4097,108,22.275151,1.500044,8,1,
3,8193,109,18.801173,1.625022,8,1,
3,17,110,100.686078,0.255466,2,8,
3,33,111,87.433059,0.315275,2,8,
3,65,112,82.092784,0.376398,2,8,
3,129,113,71.922002,0.438202,2,8,
3,257,114,65.919074,0.500352,2,8,
3,513,115,59.579635,0.562676,2,8,
3,1025,116,55.132829,0.625088,2,8,
3,2049,117,50.196495,0.687544,2,8,
3,4097,118,46.578277,0.750022,2,8,
3,8193,119,43.600851,0.812511,2,8,
3,17,120,101.550351,0.255466,8,2,
3,33,121,91.974967,0.315275,8,2,
3,65,122,83.621568,0.376398,8,2,
3,129,123,74.554445,0.438202,8,2,
3,257,124,66.769898,0.500352,8,2,
3,513,125,61.185295,0.562676,8,2,
3,1025,126,54.993003,0.625088,8,2,
3,2049,127,49.567453,0.687544,8,2,
3,4097,128,45.201441,0.750022,8,2,
3,8193,129,41.870306,0.812511,8,2,
3,17,130,110.056139,0.127733,4,8,
3,33,131,102.263411,0.157637,4,8,
3,65,132,95.405066,0.188199,4,8,
3,129,133,88.765383,0.219101,4,8,
3,257,134,83.734375,0.250176,4,8,
3,513,135,78.448713,0.281338,4,8,
3,1025,136,74.377705,0.312544,4,8,
3,2049,137,71.580774,0.343772,4,8,
3,4097,138,69.273079,0.375011,4,8,
3,8193,139,66.740313,0.406256,4,8,
3,17,140,112.492950,0.127733,8,4,
3,33,141,104.552268,0.157637,8,4,
3,65,142,98.401455,0.188199,8,4,
3,129,143,92.421819,0.219101,8,4,
3,257,144,86.915254,0.250176,8,4,
3,513,145,81.072054,0.281338,8,4,
3,1025,146,76.626567,0.312544,8,4,
3,2049,147,73.575129,0.343772,8,4,
3,4097,148,69.835921,0.375011,8,4,
3,8193,149,67.152500,0.406256,8,4,
3,17,150,118.337897,0.063867,8,8,
3,33,151,112.955414,0.078819,8,8,
3,65,152,108.471305,0.094099,8,8,
3,129,153,104.360298,0.109550,8,8,
3,257,154,100.981243,0.125088,8,8,
3,513,155,98.022655,0.140669,8,8,
3,1025,156,96.146432,0.156272,8,8,
3,2049,157,93.686472,0.171886,8,8,
3,4097,158,92.141973,0.187506,8,8,
3,8193,159,90.547110,0.203128,8,8,
4,17,0,48.171721,4.087463,1,1,
4,33,1,17.415367,5.044394,1,1,
4,65,2,4.815011,6.022368,1,1,
4,129,3,1.354418,7.011227,1,1,
4,257,4,0.412419,8.005625,1,1,
4,513,5,0.110124,9.002815,1,1,
4,1025,6,0.023198,10.001408,1,1,
4,2049,7,0.009250,11.000704,1,1,
4,4097,8,0.003500,12.000352,1,1,
4,8193,9,0.001653,13.000176,1,1,
4,17,10,256.308747,2.043731,1,2,
4,33,11,179.907872,2.522197,1,2,
4,65,12,87.408752,3.011184,1,2,
4,129,13,42.736454,3.505614,1,2,
4,257,14,28.699829,4.002812,1,2,
4,513,15,11.237759,4.501408,1,2,
4,1025,16,6.428386,5.000704,1,2,
4,2049,17,3.411823,5.500352,1,2,
4,4097,18,1.937307,6.000176,1,2,
4,8193,19,1.468636,6.500088,1,2,
4,17,20,230.738429,2.043731,2,1,
4,33,21,133.028776,2.522197,2,1,
4,65,22,78.422867,3.011184,2,1,
4,129,23,37.225681,3.505614,2,1,
4,257,24,20.717304,4.002812,2,1,
4,513,25,9.727156,4.501408,2,1,
4,1025,26,5.294243,5.000704,2,1,
4,2049,27,2.815667,5.500352,2,1,
4,4097,28,1.514679,6.000176,2,1,
4,8193,29,0.979266,6.500088,2,1,
4,17,30,530.229886,1.021866,2,2,
4,33,31,382.689905,1.261099,2,2,
4,65,32,301.885562,1.505592,2,2,
4,129,33,219.717565,1.752807,2,2,
4,257,34,160.612988,2.001406,2,2,
4,513,35,120.586073,2.250704,2,2,
4,1025,36,85.932439,2.500352,2,2,
4,2049,37,62.844607,2.750176,2,2,
4,4097,38,46.858370,3.000088,2,2,
4,8193,39,36.209400,3.250044,2,2,
4,17,40,506.219211,1.021866,1,4,
4,33,41,387.307723,1.261099,1,4,
4,65,42,288.222193,1.505592,1,4,
4,129,43,230.710695,1.752807,1,4,
4,257,44,163.747817,2.001406,1,4,
4,513,45,125.122602,2.250704,1,4,
4,1025,46,89.217668,2.500352,1,4,
4,2049,47,69.071989,2.750176,1,4,
4,4097,48,50.225815,3.000088,1,4,
4,8193,49,40.697542,3.250044,1,4,
4,17,50,490.571345,1.021866,4,1,
4,33,51,374.328020,1.261099,4,1,
4,65,52,287.896676,1.505592,4,1,
4,129,53,200.203853,1.752807,4,1,
4,257,54,148.608781,2.001406,4,1,
4,513,55,101.644545,2.250704,4,1,
4,1025,56,75.547907,2.500352,4,1,
4,2049,57,56.280733,2.750176,4,1,
4,4097,58,41.929049,3.000088,4,1,
4,8193,59,32.304265,3.250044,4,1,
4,17,60,704.275562,0.510933,2,4,
4,33,61,601.147770,0.630549,2,4,
4,65,62,521.252694,0.752796,2,4,
4,129,63,444.196670,0.876403,2,4,
4,257,64,384.588747,1.000703,2,4,
4,513,65,324.729681,1.125352,2,4,
4,1025,66,277.187515,1.250176,2,4,
4,2049,67,240.029876,1.375088,2,4,
4,4097,68,209.329054,1.500044,2,4,
4,8193,69,188.076990,1.625022,2,4,
4,17,70,700.254249,0.510933,4,2,
4,33,71,607.248756,0.630549,4,2,
4,65,72,513.089290,0.752796,4,2,
4,129,73,438.583820,0.876403,4,2,
4,257,74,376.454696,1.000703,4,2,
4,513,75,315.373284,1.125352,4,2,
4,1025,76,271.913738,1.250176,4,2,
4,2049,77,237.473521,1.375088,4,2,
4,4097,78,203.255778,1.500044,4,2,
4,8193,79,182.380415,1.625022,4,2,
4,17,80,849.400286,0.255466,4,4,
4,33,81,779.293941,0.315275,4,4,
4,65,82,703.904506,0.376398,4,4,
4,129,83,654.912867,0.438202,4,4,
4,257,84,591.391066,0.500352,4,4,
4,513,85,542.917200,0.562676,4,4,
4,1025,86,503.901252,0.625088,4,4,
4,2049,87,467.790991,0.687544,4,4,
4,4097,88,430.604228,0.750022,4,4,
4,8193,89,409.170193,0.812511,4,4,
4,17,90,400000515.134820,0.510933,1,8,
4,33,91,400000450.017017,0.630549,1,8,
4,65,92,400000382.292603,0.051678,1,8,
4,129,93,400000329.346279,0.125842,1,8,
4,257,94,400000281.788560,0.200422,1,8,
4,513,95,400000244.197176,0.275211,1,8,
4,1025,96,400000209.950188,0.350106,1,8,
4,2049,97,400000183.955519,0.425053,1,8,
4,4097,98,400000157.673334,0.500026,1,8,
4,8193,99,400000143.236488,0.575013,1,8,
4,17,100,734.979115,0.510933,8,1,
4,33,101,621.065697,0.630549,8,1,
4,65,102,513.501034,0.752796,8,1,
4,129,103,431.060866,0.876403,8,1,
4,257,104,358.810879,1.000703,8,1,
4,513,105,298.756900,1.125352,8,1,
4,1025,106,260.015992,1.250176,8,1,
4,2049,107,223.267727,1.375088,8,1,
4,4097,108,192.644716,1.500044,8,1,
4,8193,109,172.613104,1.625022,8,1,
4,17,110,400000618.466782,0.255466,2,8,
4,33,111,400000564.609516,0.315275,2,8,
4,65,112,400000518.921387,-0.174161,2,8,
4,129,113,400000466.785624,-0.137079,2,8,
4,257,114,400000432.493214,-0.099789,2,8,
4,513,115,400000391.843609,-0.062394,2,8,
4,1025,116,400000361.759675,-0.024947,2,8,
4,2049,117,400000339.827111,0.012526,2,8,
4,4097,118,400000314.214406,0.050013,2,8,
4,8193,119,400000301.537679,0.087507,2,8,
4,17,120,843.086741,0.255466,8,2,
4,33,121,783.687109,0.315275,8,2,
4,65,122,707.748171,0.376398,8,2,
4,129,123,648.524324,0.438202,8,2,
4,257,124,585.122430,0.500352,8,2,
4,513,125,531.908482,0.562676,8,2,
4,1025,126,489.937007,0.625088,8,2,
4,2049,127,448.876296,0.687544,8,2,
4,4097,128,424.698250,0.750022,8,2,
4,8193,129,404.605915,0.812511,8,2,
4,17,130,930.495815,0.127733,4,8,
4,33,131,902.133091,0.157637,4,8,
4,65,132,847.085063,0.188199,4,8,
4,129,133,808.816992,0.219101,4,8,
4,257,134,769.347001,0.250176,4,8,
4,513,135,735.735626,0.281338,4,8,
4,1025,136,710.751670,0.312544,4,8,
4,2049,137,677.775549,0.343772,4,8,
4,4097,138,652.509767,0.375011,4,8,
4,8193,139,636.915222,0.406256,4,8,
4,17,140,943.294187,0.127733,8,4,
4,33,141,893.479452,0.157637,8,4,
4,65,142,860.085842,0.188199,8,4,
4,129,143,814.269038,0.219101,8,4,
4,257,144,770.806947,0.250176,8,4,
4,513,145,735.795957,0.281338,8,4,
4,1025,146,708.194220,0.312544,8,4,
4,2049,147,673.905153,0.343772,8,4,
4,4097,148,656.169947,0.375011,8,4,
4,8193,149,635.880454,0.406256,8,4,
4,17,150,994.085015,0.063867,8,8,
4,33,151,971.185259,0.078819,8,8,
4,65,152,953.400799,0.094099,8,8,
4,129,153,934.039675,0.109550,8,8,
4,257,154,200000850.805116,-0.099930,8,8,
4,513,155,200000832.359877,-0.087465,8,8,
4,1025,156,200000814.881987,-0.074982,8,8,
4,2049,157,200000795.934428,-0.062491,8,8,
4,4097,158,200000780.822144,-0.049996,8,8,
4,8193,159,200000763.276236,-0.037498,8,8,
5,17,0,13.566245,4.087463,1,1,
5,33,1,5.205209,5.044394,1,1,
5,65,2,1.655537,6.022368,1,1,
5,129,3,0.434608,7.011227,1,1,
5,257,4,0.126173,8.005625,1,1,
5,513,5,0.058362,9.002815,1,1,
5,1025,6,0.015510,10.001408,1,1,
5,2049,7,0.004449,11.000704,1,1,
5,4097,8,0.001719,12.000352,1,1,
5,8193,9,0.001179,13.000176,1,1,
5,17,10,66.664230,2.043731,1,2,
5,33,11,37.863583,2.522197,1,2,
5,65,12,23.625401,3.011184,1,2,
5,129,13,13.054736,3.505614,1,2,
5,257,14,6.888754,4.002812,1,2,
5,513,15,3.318476,4.501408,1,2,
5,1025,16,1.744860,5.000704,1,2,
5,2049,17,1.204921,5.500352,1,2,
5,4097,18,0.592973,6.000176,1,2,
5,8193,19,0.408908,6.500088,1,2,
5,17,20,67.341634,2.043731,2,1,
5,33,21,37.951747,2.522197,2,1,
5,65,22,21.761387,3.011184,2,1,
5,129,23,12.662395,3.505614,2,1,
5,257,24,5.799733,4.002812,2,1,
5,513,25,2.973421,4.501408,2,1,
5,1025,26,1.515819,5.000704,2,1,
5,2049,27,0.762574,5.500352,2,1,
5,4097,28,0.444697,6.000176,2,1,
5,8193,29,0.270495,6.500088,2,1,
5,17,30,145.129314,1.021866,2,2,
5,33,31,111.046548,1.261099,2,2,
5,65,32,83.462210,1.505592,2,2,
5,129,33,63.161226,1.752807,2,2,
5,257,34,46.262635,2.001406,2,2,
5,513,35,34.344900,2.250704,2,2,
5,1025,36,25.777357,2.500352,2,2,
5,2049,37,18.263461,2.750176,2,2,
5,4097,38,13.825545,3.000088,2,2,
5,8193,39,10.834095,3.250044,2,2,
5,17,40,145.109447,1.021866,1,4,
5,33,41,115.121589,1.261099,1,4,
5,65,42,84.552521,1.505592,1,4,
5,129,43,65.646255,1.752807,1,4,
5,257,44,45.741494,2.001406,1,4,
5,513,45,34.662776,2.250704,1,4,
5,1025,46,24.743567,2.500352,1,4,
5,2049,47,17.551699,2.750176,1,4,
5,4097,48,13.337382,3.000088,1,4,
5,8193,49,10.502892,3.250044,1,4,
5,17,50,140.095464,1.021866,4,1,
5,33,51,108.572284,1.261099,4,1,
5,65,52,80.915542,1.505592,4,1,
5,129,53,57.027407,1.752807,4,1,
5,257,54,42.446791,2.001406,4,1,
5,513,55,31.568183,2.250704,4,1,
5,1025,56,22.479197,2.500352,4,1,
5,2049,57,16.143440,2.750176,4,1,
5,4097,58,12.461172,3.000088,4,1,
5,8193,59,9.479215,3.250044,4,1,
5,17,60,207.340221,0.510933,2,4,
5,33,61,182.173427,0.630549,2,4,
5,65,62,156.806338,0.752796,2,4,
5,129,63,136.515225,0.876403,2,4,
5,257,64,115.460691,1.000703,2,4,
5,513,65,99.024759,1.125352,2,4,
5,1025,66,84.272085,1.250176,2,4,
5,2049,67,71.851003,1.375088,2,4,
5,4097,68,61.807811,1.500044,2,4,
5,8193,69,55.522281,1.625022,2,4,
5,17,70,202.740145,0.510933,4,2,
5,33,71,177.919210,0.630549,4,2,
5,65,72,153.642815,0.752796,4,2,
5,129,73,129.556394,0.876403,4,2,
5,257,74,112.384313,1.000703,4,2,
5,513,75,96.821577,1.125352,4,2,
5,1025,76,81.789164,1.250176,4,2,
5,2049,77,69.830655,1.375088,4,2,
5,4097,78,61.114158,1.500044,4,2,
5,8193,79,54.699770,1.625022,4,2,
5,17,80,244.408584,0.255466,4,4,
5,33,81,224.887166,0.315275,4,4,
5,65,82,209.500901,0.376398,4,4,
5,129,83,194.973195,0.438202,4,4,
5,257,84,177.038323,0.500352,4,4,
5,513,85,165.641269,0.562676,4,4,
5,1025,86,150.569264,0.625088,4,4,
5,2049,87,139.684759,0.687544,4,4,
5,4097,88,131.284427,0.750022,4,4,
5,8193,89,124.952355,0.812511,4,4,
5,17,90,400000141.275390,0.510933,1,8,
5,33,91,400000121.515043,0.630549,1,8,
5,65,92,400000103.030866,0.051678,1,8,
5,129,93,400000090.210037,0.125842,1,8,
5,257,94,400000074.952728,0.200422,1,8,
5,513,95,400000064.465373,0.275211,1,8,
5,1025,96,400000055.147997,0.350106,1,8,
5,2049,97,400000047.601023,0.425053,1,8,
5,4097,98,400000041.068638,0.500026,1,8,
5,8193,99,400000036.991804,0.575013,1,8,
5,17,100,197.302565,0.510933,8,1,
5,33,101,171.128141,0.630549,8,1,
5,65,102,142.163705,0.752796,8,1,
5,129,103,120.165144,0.876403,8,1,
5,257,104,103.974193,1.000703,8,1,
5,513,105,88.574466,1.125352,8,1,
5,1025,106,74.509841,1.250176,8,1,
5,2049,107,62.997321,1.375088,8,1,
5,4097,108,55.123954,1.500044,8,1,
5,8193,109,48.460719,1.625022,8,1,
5,17,110,400000164.886764,0.255466,2,8,
5,33,111,400000151.881971,0.315275,2,8,
5,65,112,400000141.914256,-0.174161,2,8,
5,129,113,400000132.448725,-0.137079,2,8,
5,257,114,400000121.005506,-0.099789,2,8,
5,513,115,400000109.421271,-0.062394,2,8,
5,1025,116,400000102.744591,-0.024947,2,8,
5,2049,117,400000095.485755,0.012526,2,8,
5,4097,118,400000088.976499,0.050013,2,8,
5,8193,119,400000084.680114,0.087507,2,8,
5,17,120,241.238586,0.255466,8,2,
5,33,121,224.265665,0.315275,8,2,
5,65,122,207.417854,0.376398,8,2,
5,129,123,188.726015,0.438202,8,2,
5,257,124,172.873588,0.500352,8,2,
5,513,125,157.684748,0.562676,8,2,
5,1025,126,145.410940,0.625088,8,2,
5,2049,127,135.110904,0.687544,8,2,
5,4097,128,126.984258,0.750022,8,2,
5,8193,129,120.186162,0.812511,8,2,
5,17,130,266.388316,0.127733,4,8,
5,33,131,257.660041,0.157637,4,8,
5,65,132,247.296007,0.188199,4,8,
5,129,133,238.244644,0.219101,4,8,
5,257,134,228.581619,0.250176,4,8,
5,513,135,218.193036,0.281338,4,8,
5,1025,136,210.904426,0.312544,4,8,
5,2049,137,204.682738,0.343772,4,8,
5,4097,138,197.925566,0.375011,4,8,
5,8193,139,191.700358,0.406256,4,8,
5,17,140,267.164483,0.127733,8,4,
5,33,141,256.626809,0.157637,8,4,
5,65,142,247.862733,0.188199,8,4,
5,129,143,238.691544,0.219101,8,4,
5,257,144,229.540855,0.250176,8,4,
5,513,145,219.429073,0.281338,8,4,
5,1025,146,209.317157,0.312544,8,4,
5,2049,147,203.063030,0.343772,8,4,
5,4097,148,197.486735,0.375011,8,4,
5,8193,149,190.989676,0.406256,8,4,
5,17,150,282.210545,0.063867,8,8,
5,33,151,277.623346,0.078819,8,8,
5,65,152,269.779049,0.094099,8,8,
5,129,153,267.441117,0.109550,8,8,
5,257,154,200000239.968172,-0.099930,8,8,
5,513,155,200000239.018369,-0.087465,8,8,
5,1025,156,600000148.750303,-0.537491,8,8,
5,2049,157,600000146.845068,-0.531246,8,8,
5,4097,158,800000090.778361,-0.762499,8,8,
5,8193,159,800000090.031731,-0.759374,8,8,
6,17,0,17.326031,4.087463,1,1,
6,33,1,4.361170,5.044394,1,1,
6,65,2,1.529287,6.022368,1,1,
6,129,3,0.392970,7.011227,1,1,
6,257,4,0.101173,8.005625,1,1,
6,513,5,0.034638,9.002815,1,1,
6,1025,6,0.011001,10.001408,1,1,
6,2049,7,0.003341,11.000704,1,1,
6,4097,8,0.001394,12.000352,1,1,
6,8193,9,0.000957,13.000176,1,1,
6,17,10,121.211372,2.043731,1,2,
6,33,11,68.716590,2.522197,1,2,
6,65,12,34.994910,3.011184,1,2,
6,129,13,17.776565,3.505614,1,2,
6,257,14,9.891244,4.002812,1,2,
6,513,15,5.338630,4.501408,1,2,
6,1025,16,2.534242,5.000704,1,2,
6,2049,17,1.405884,5.500352,1,2,
6,4097,18,0.699450,6.000176,1,2,
6,8193,19,0.386422,6.500088,1,2,
6,17,20,121.471929,2.043731,2,1,
6,33,21,68.183953,2.522197,2,1,
6,65,22,35.021749,3.011184,2,1,
6,129,23,19.382357,3.505614,2,1,
6,257,24,9.583508,4.002812,2,1,
6,513,25,4.802732,4.501408,2,1,
6,1025,26,2.595548,5.000704,2,1,
6,2049,27,1.366741,5.500352,2,1,
6,4097,28,0.659933,6.000176,2,1,
6,8193,29,0.337391,6.500088,2,1,
6,17,30,258.955236,1.021866,2,2,
6,33,31,203.257869,1.261099,2,2,
6,65,32,144.813988,1.505592,2,2,
6,129,33,108.080844,1.752807,2,2,
6,257,34,80.262296,2.001406,2,2,
6,513,35,59.617483,2.250704,2,2,
6,1025,36,43.454977,2.500352,2,2,
6,2049,37,31.775464,2.750176,2,2,
6,4097,38,22.693151,3.000088,2,2,
6,8193,39,17.523097,3.250044,2,2,
6,17,40,264.800476,1.021866,1,4,
6,33,41,202.499216,1.261099,1,4,
6,65,42,157.192370,1.505592,1,4,
6,129,43,113.313931,1.752807,1,4,
6,257,44,82.321648,2.001406,1,4,
6,513,45,61.412295,2.250704,1,4,
6,1025,46,44.916152,2.500352,1,4,
6,2049,47,31.214336,2.750176,1,4,
6,4097,48,22.733405,3.000088,1,4,
6,8193,49,17.248900,3.250044,1,4,
6,17,50,260.048772,1.021866,4,1,
6,33,51,206.539781,1.261099,4,1,
6,65,52,148.482395,1.505592,4,1,
6,129,53,112.140276,1.752807,4,1,
6,257,54,81.767046,2.001406,4,1,
6,513,55,60.783098,2.250704,4,1,
6,1025,56,42.919776,2.500352,4,1,
6,2049,57,31.269288,2.750176,4,1,
6,4097,58,22.761000,3.000088,4,1,
6,8193,59,16.942106,3.250044,4,1,
6,17,60,370.254279,0.510933,2,4,
6,33,61,324.960353,0.630549,2,4,
6,65,62,271.894019,0.752796,2,4,
6,129,63,236.232640,0.876403,2,4,
6,257,64,205.174039,1.000703,2,4,
6,513,65,171.611981,1.125352,2,4,
6,1025,66,147.305505,1.250176,2,4,
6,2049,67,125.816454,1.375088,2,4,
6,4097,68,108.738580,1.500044,2,4,
6,8193,69,95.186154,1.625022,2,4,
6,17,70,370.279228,0.510933,4,2,
6,33,71,316.112695,0.630549,4,2,
6,65,72,275.935676,0.752796,4,2,
6,129,73,233.628663,0.876403,4,2,
6,257,74,195.578732,1.000703,4,2,
6,513,75,170.575827,1.125352,4,2,
6,1025,76,146.254594,1.250176,4,2,
6,2049,77,126.233307,1.375088,4,2,
6,4097,78,107.400919,1.500044,4,2,
6,8193,79,94.184033,1.625022,4,2,
6,17,80,448.728138,0.255466,4,4,
6,33,81,417.005777,0.315275,4,4,
6,65,82,379.147131,0.376398,4,4,
6,129,83,351.181976,0.438202,4,4,
6,257,84,318.510635,0.500352,4,4,
6,513,85,289.255175,0.562676,4,4,
6,1025,86,270.886808,0.625088,4,4,
6,2049,87,247.521044,0.687544,4,4,
6,4097,88,232.273267,0.750022,4,4,
6,8193,89,218.324099,0.812511,4,4,
6,17,90,400000258.545017,0.510933,1,8,
6,33,91,400000226.657385,0.630549,1,8,
6,65,92,400000196.178794,0.051678,1,8,
6,129,93,400000168.537931,0.125842,1,8,
6,257,94,400000142.652259,0.200422,1,8,
6,513,95,400000124.194858,0.275211,1,8,
6,1025,96,400000104.883212,0.350106,1,8,
6,2049,97,400000093.533816,0.425053,1,8,
6,4097,98,400000081.020029,0.500026,1,8,
6,8193,99,400000071.274003,0.575013,1,8,
6,17,100,372.679644,0.510933,8,1,
6,33,101,323.275672,0.630549,8,1,
6,65,102,285.763479,0.752796,8,1,
6,129,103,242.844184,0.876403,8,1,
6,257,104,204.954616,1.000703,8,1,
6,513,105,177.018181,1.125352,8,1,
6,1025,106,153.003732,1.250176,8,1,
6,2049,107,127.261606,1.375088,8,1,
6,4097,108,109.556999,1.500044,8,1,
6,8193,109,96.828230,1.625022,8,1,
6,17,110,400000320.320880,0.255466,2,8,
6,33,111,400000296.920374,0.315275,2,8,
6,65,112,400000260.976826,-0.174161,2,8,
6,129,113,400000243.946258,-0.137079,2,8,
6,257,114,400000223.866614,-0.099789,2,8,
6,513,115,400000208.994891,-0.062394,2,8,
6,1025,116,400000193.221680,-0.024947,2,8,
6,2049,117,400000177.346992,0.012526,2,8,
6,4097,118,400000166.626061,0.050013,2,8,
6,8193,119,400000156.851773,0.087507,2,8,
6,17,120,471.165270,0.255466,8,2,
6,33,121,418.336770,0.315275,8,2,
6,65,122,381.110123,0.376398,8,2,
6,129,123,348.258758,0.438202,8,2,
6,257,124,316.255440,0.500352,8,2,
6,513,125,296.015631,0.562676,8,2,
6,1025,126,270.403671,0.625088,8,2,
6,2049,127,249.818089,0.687544,8,2,
6,4097,128,237.180866,0.750022,8,2,
6,8193,129,221.329154,0.812511,8,2,
6,17,130,497.913327,0.127733,4,8,
6,33,131,485.137817,0.157637,4,8,
6,65,132,200000333.138465,-0.049441,4,8,
6,129,133,200000318.872629,-0.024719,4,8,
6,257,134,200000298.358234,0.000141,4,8,
6,513,135,200000287.418062,0.025070,4,8,
6,1025,136,200000275.460304,0.050035,4,8,
6,2049,137,400000211.268961,-0.193737,4,8,
6,4097,138,400000204.182924,-0.174993,4,8,
6,8193,139,400000198.649971,-0.156247,4,8,
6,17,140,519.905867,0.127733,8,4,
6,33,141,501.604740,0.157637,8,4,
6,65,142,469.379372,0.188199,8,4,
6,129,143,442.127771,0.219101,8,4,
6,257,144,420.756077,0.250176,8,4,
6,513,145,408.250822,0.281338,8,4,
6,1025,146,200000279.852368,0.050035,8,4,
6,2049,147,200000272.468954,0.075018,8,4,
6,4097,148,200000262.094928,0.100009,8,4,
6,8193,149,200000255.679323,0.125004,8,4,
6,17,150,548.871485,0.063867,8,8,
6,33,151,539.449726,0.078819,8,8,
6,65,152,200000448.384181,-0.124720,8,8,
6,129,153,200000445.873838,-0.112360,8,8,
6,257,154,400000250.872919,-0.324947,8,8,
6,513,155,400000246.910888,-0.315599,8,8,
6,1025,156,600000105.920402,-0.537491,8,8,
6,2049,157,800000071.826734,-0.765623,8,8,
6,4097,158,800000070.864704,-0.762499,8,8,
6,8193,159,800000069.849720,-0.759374,8,8,
7,17,0,119.686817,4.087463,1,1,
7,33,1,35.075148,5.044394,1,1,
7,65,2,10.557600,6.022368,1,1,
7,129,3,2.580720,7.011227,1,1,
7,257,4,0.610803,8.005625,1,1,
7,513,5,0.209479,9.002815,1,1,
7,1025,6,0.051376,10.001408,1,1,
7,2049,7,0.021455,11.000704,1,1,
7,4097,8,0.008916,12.000352,1,1,
7,8193,9,0.004359,13.000176,1,1,
7,17,10,981.374416,2.043731,1,2,
7,33,11,508.249255,2.522197,1,2,
7,65,12,264.924915,3.011184,1,2,
7,129,13,155.745842,3.505614,1,2,
7,257,14,76.072147,4.002812,1,2,
7,513,15,42.197370,4.501408,1,2,
7,1025,16,24.473877,5.000704,1,2,
7,2049,17,12.645564,5.500352,1,2,
7,4097,18,8.098352,6.000176,1,2,
7,8193,19,6.229826,6.500088,1,2,
7,17,20,946.502432,2.043731,2,1,
7,33,21,443.090827,2.522197,2,1,
7,65,22,271.349916,3.011184,2,1,
7,129,23,152.982991,3.505614,2,1,
7,257,24,68.328173,4.002812,2,1,
7,513,25,40.114793,4.501408,2,1,
7,1025,26,19.475481,5.000704,2,1,
7,2049,27,10.828673,5.500352,2,1,
7,4097,28,7.230046,6.000176,2,1,
7,8193,29,5.249213,6.500088,2,1,
7,17,30,2028.285436,1.021866,2,2,
7,33,31,1564.879982,1.261099,2,2,
7,65,32,1216.781002,1.505592,2,2,
7,129,33,879.671728,1.752807,2,2,
7,257,34,609.475805,2.001406,2,2,
7,513,35,469.364067,2.250704,2,2,
7,1025,36,342.400532,2.500352,2,2,
7,2049,37,247.792953,2.750176,2,2,
7,4097,38,203.859858,3.000088,2,2,
7,8193,39,182.091939,3.250044,2,2,
7,17,40,400001437.927695,1.021866,1,4,
7,33,41,400001069.305690,1.261099,1,4,
7,65,42,400000837.070952,0.503355,1,4,
7,129,43,400000613.152568,0.651684,1,4,
7,257,44,400000451.183859,0.800844,1,4,
7,513,45,400000323.594687,0.950422,1,4,
7,1025,46,400000256.941720,1.100211,1,4,
7,2049,47,400000210.143013,1.250106,1,4,
7,4097,48,400000174.662237,1.400053,1,4,
7,8193,49,400000157.110923,1.550026,1,4,
7,17,50,1976.848058,1.021866,4,1,
7,33,51,1525.838316,1.261099,4,1,
7,65,52,1072.846058,1.505592,4,1,
7,129,53,837.191338,1.752807,4,1,
7,257,54,619.354287,2.001406,4,1,
7,513,55,444.588084,2.250704,4,1,
7,1025,56,352.095232,2.500352,4,1,
7,2049,57,266.336216,2.750176,4,1,
7,4097,58,214.395904,3.000088,4,1,
7,8193,59,182.661155,3.250044,4,1,
7,17,60,2881.648998,0.510933,2,4,
7,33,61,2353.999979,0.630549,2,4,
7,65,62,2048.472690,0.752796,2,4,
7,129,63,1758.527207,0.876403,2,4,
7,257,64,1565.470883,1.000703,2,4,
7,513,65,1304.138581,1.125352,2,4,
7,1025,66,1130.244898,1.250176,2,4,
7,2049,67,1016.660621,1.375088,2,4,
7,4097,68,913.145514,1.500044,2,4,
7,8193,69,875.735871,1.625022,2,4,
7,17,70,2874.547819,0.510933,4,2,
7,33,71,2446.759346,0.630549,4,2,
7,65,72,2184.535990,0.752796,4,2,
7,129,73,1827.033595,0.876403,4,2,
7,257,74,1558.128363,1.000703,4,2,
7,513,75,1303.441697,1.125352,4,2,
7,1025,76,1130.740920,1.250176,4,2,
7,2049,77,1004.976816,1.375088,4,2,
7,4097,78,901.139280,1.500044,4,2,
7,8193,79,848.538348,1.625022,4,2,
7,17,80,3436.468795,0.255466,4,4,
7,33,81,3203.023960,0.315275,4,4,
7,65,82,2943.782270,0.376398,4,4,
7,129,83,2768.242556,0.438202,4,4,
7,257,84,2501.201890,0.500352,4,4,
7,513,85,2366.186108,0.562676,4,4,
7,1025,86,2234.496813,0.625088,4,4,
7,2049,87,2109.880050,0.687544,4,4,
7,4097,88,2029.285259,0.750022,4,4,
7,8193,89,1996.210476,0.812511,4,4,
7,17,90,400002042.033431,0.510933,1,8,
7,33,91,400001794.559034,0.630549,1,8,
7,65,92,400001504.625130,0.051678,1,8,
7,129,93,400001274.838987,0.125842,1,8,
7,257,94,400001114.538087,0.200422,1,8,
7,513,95,400000938.867713,0.275211,1,8,
7,1025,96,400000793.374126,0.350106,1,8,
7,2049,97,400000731.124462,0.425053,1,8,
7,4097,98,400000647.907439,0.500026,1,8,
7,8193,99,400000614.104549,0.575013,1,8,
7,17,100,2889.186162,0.510933,8,1,
7,33,101,2491.111008,0.630549,8,1,
7,65,102,2205.933604,0.752796,8,1,
7,129,103,1720.814255,0.876403,8,1,
7,257,104,1488.799651,1.000703,8,1,
7,513,105,1287.536726,1.125352,8,1,
7,1025,106,1149.378181,1.250176,8,1,
7,2049,107,1003.001014,1.375088,8,1,
7,4097,108,919.170758,1.500044,8,1,
7,8193,109,882.348892,1.625022,8,1,
7,17,110,400002556.017881,0.255466,2,8,
7,33,111,400002419.526624,0.315275,2,8,
7,65,112,400002124.024736,-0.174161,2,8,
7,129,113,400002001.634123,-0.137079,2,8,
7,257,114,400001824.224258,-0.099789,2,8,
7,513,115,400001710.987557,-0.062394,2,8,
7,1025,116,400001612.469150,-0.024947,2,8,
7,2049,117,400001480.537940,0.012526,2,8,
7,4097,118,400001425.243264,0.050013,2,8,
7,8193,119,400001392.590524,0.087507,2,8,
7,17,120,3566.559315,0.255466,8,2,
7,33,121,3188.830576,0.315275,8,2,
7,65,122,3002.990002,0.376398,8,2,
7,129,123,2700.736137,0.438202,8,2,
7,257,124,2459.142691,0.500352,8,2,
7,513,125,2351.093399,0.562676,8,2,
7,1025,126,2156.448877,0.625088,8,2,
7,2049,127,1996.047573,0.687544,8,2,
7,4097,128,1924.559066,0.750022,8,2,
7,8193,129,1899.284296,0.812511,8,2,
7,17,130,400002961.440974,0.127733,4,8,
7,33,131,400002845.062627,0.157637,4,8,
7,65,132,400002723.858128,-0.287081,4,8,
7,129,133,600002086.156999,-0.512360,4,8,
7,257,134,600002005.533644,-0.499930,4,8,
7,513,135,800001411.342122,-0.743732,4,8,
7,1025,136,1000000000.000000,-1.000000,4,8,
7,2049,137,1000000000.000000,-1.000000,4,8,
7,4097,138,1000000000.000000,-1.000000,4,8,
7,8193,139,1000000000.000000,-1.000000,4,8,
7,17,140,3942.378259,0.127733,8,4,
7,33,141,3780.401173,0.157637,8,4,
7,65,142,200003285.545324,-0.049441,8,4,
7,129,143,200003131.323927,-0.024719,8,4,
7,257,144,200003083.494385,0.000141,8,4,
7,513,145,400001608.382775,-0.231197,8,4,
7,1025,146,400001523.469768,-0.212474,8,4,
7,2049,147,400001496.454076,-0.193737,8,4,
7,4097,148,400001486.561652,-0.174993,8,4,
7,8193,149,400001439.918996,-0.156247,8,4,
7,17,150,4203.283591,0.063867,8,8,
7,33,151,4074.305353,0.078819,8,8,
7,65,152,400003147.220151,-0.343540,8,8,
7,129,153,1000000000.000000,-1.000000,8,8,
7,257,154,1000000000.000000,-1.000000,8,8,
7,513,155,1000000000.000000,-1.000000,8,8,
7,1025,156,1000000000.000000,-1.000000,8,8,
7,2049,157,1000000000.000000,-1.000000,8,8,
7,4097,158,1000000000.000000,-1.000000,8,8,
7,8193,159,1000000000.000000,-1.000000,8,8,
8,17,0,45.657731,4.087463,1,1,
8,33,1,11.554119,5.044394,1,1,
8,65,2,4.079105,6.022368,1,1,
8,129,3,1.108945,7.011227,1,1,
8,257,4,0.305688,8.005625,1,1,
8,513,5,0.090901,9.002815,1,1,
8,1025,6,0.027013,10.001408,1,1,
8,2049,7,0.008887,11.000704,1,1,
8,4097,8,0.003411,12.000352,1,1,
8,8193,9,0.001746,13.000176,1,1,
8,17,10,352.326350,2.043731,1,2,
8,33,11,195.755490,2.522197,1,2,
8,65,12,104.960416,3.011184,1,2,
8,129,13,55.892586,3.505614,1,2,
8,257,14,28.168975,4.002812,1,2,
8,513,15,17.229636,4.501408,1,2,
8,1025,16,8.359081,5.000704,1,2,
8,2049,17,5.275539,5.500352,1,2,
8,4097,18,3.662186,6.000176,1,2,
8,8193,19,3.025312,6.500088,1,2,
8,17,20,346.921628,2.043731,2,1,
8,33,21,166.728203,2.522197,2,1,
8,65,22,98.034678,3.011184,2,1,
8,129,23,45.317769,3.505614,2,1,
8,257,24,27.383472,4.002812,2,1,
8,513,25,12.644675,4.501408,2,1,
8,1025,26,7.232141,5.000704,2,1,
8,2049,27,4.128739,5.500352,2,1,
8,4097,28,2.514398,6.000176,2,1,
8,8193,29,1.835499,6.500088,2,1,
8,17,30,745.482255,1.021866,2,2,
8,33,31,596.141902,1.261099,2,2,
8,65,32,448.051756,1.505592,2,2,
8,129,33,345.195653,1.752807,2,2,
8,257,34,252.237178,2.001406,2,2,
8,513,35,179.770534,2.250704,2,2,
8,1025,36,133.775674,2.500352,2,2,
8,2049,37,106.773465,2.750176,2,2,
8,4097,38,85.660262,3.000088,2,2,
8,8193,39,77.207908,3.250044,2,2,
8,17,40,400000412.644949,1.021866,1,4,
8,33,41,400000321.224755,1.261099,1,4,
8,65,42,400000233.414306,0.503355,1,4,
8,129,43,400000175.855741,0.651684,1,4,
8,257,44,400000132.880089,0.800844,1,4,
8,513,45,400000091.435642,0.950422,1,4,
8,1025,46,400000068.303680,1.100211,1,4,
8,2049,47,400000050.542444,1.250106,1,4,
8,4097,48,400000039.081651,1.400053,1,4,
8,8193,49,400000033.560294,1.550026,1,4,
8,17,50,724.469329,1.021866,4,1,
8,33,51,557.242097,1.261099,4,1,
8,65,52,455.619255,1.505592,4,1,
8,129,53,308.723136,1.752807,4,1,
8,257,54,234.858262,2.001406,4,1,
8,513,55,164.724592,2.250704,4,1,
8,1025,56,123.003783,2.500352,4,1,
8,2049,57,95.069853,2.750176,4,1,
8,4097,58,78.067063,3.000088,4,1,
8,8193,59,69.779233,3.250044,4,1,
8,17,60,1056.258876,0.510933,2,4,
8,33,61,952.042164,0.630549,2,4,
8,65,62,834.843693,0.752796,2,4,
8,129,63,721.939070,0.876403,2,4,
8,257,64,641.145291,1.000703,2,4,
8,513,65,549.699158,1.125352,2,4,
8,1025,66,464.621399,1.250176,2,4,
8,2049,67,413.150869,1.375088,2,4,
8,4097,68,377.169795,1.500044,2,4,
8,8193,69,363.090884,1.625022,2,4,
8,17,70,1041.604447,0.510933,4,2,
8,33,71,941.743595,0.630549,4,2,
8,65,72,831.215229,0.752796,4,2,
8,129,73,704.775798,0.876403,4,2,
8,257,74,610.768014,1.000703,4,2,
8,513,75,518.420339,1.125352,4,2,
8,1025,76,463.355425,1.250176,4,2,
8,2049,77,413.387009,1.375088,4,2,
8,4097,78,383.422047,1.500044,4,2,
8,8193,79,368.911489,1.625022,4,2,
8,17,80,1251.045740,0.255466,4,4,
8,33,81,1195.449101,0.315275,4,4,
8,65,82,200001026.976588,0.101118,4,4,
8,129,83,200000971.313550,0.150561,4,4,
8,257,84,200000903.547832,0.200281,4,4,
8,513,85,200000842.541717,0.250141,4,4,
8,1025,86,200000790.403243,0.300070,4,4,
8,2049,87,200000751.097011,0.350035,4,4,
8,4097,88,200000731.411997,0.400018,4,4,
8,8193,89,200000714.046531,0.450009,4,4,
8,17,90,400000625.592960,0.510933,1,8,
8,33,91,400000543.786157,0.630549,1,8,
8,65,92,400000452.100449,0.051678,1,8,
8,129,93,400000377.853734,0.125842,1,8,
8,257,94,400000335.515135,0.200422,1,8,
8,513,95,400000275.719279,0.275211,1,8,
8,1025,96,400000245.362372,0.350106,1,8,
8,2049,97,400000214.233779,0.425053,1,8,
8,4097,98,400000191.325793,0.500026,1,8,
8,8193,99,400000180.180760,0.575013,1,8,
8,17,100,1050.074648,0.510933,8,1,
8,33,101,911.725282,0.630549,8,1,
8,65,102,818.442540,0.752796,8,1,
8,129,103,676.782302,0.876403,8,1,
8,257,104,583.548972,1.000703,8,1,
8,513,105,522.866347,1.125352,8,1,
8,1025,106,451.028801,1.250176,8,1,
8,2049,107,394.019283,1.375088,8,1,
8,4097,108,364.890616,1.500044,8,1,
8,8193,109,346.516738,1.625022,8,1,
8,17,110,400000758.336176,0.255466,2,8,
8,33,111,400000683.880529,0.315275,2,8,
8,65,112,400000646.099035,-0.174161,2,8,
8,129,113,400000596.093351,-0.137079,2,8,
8,257,114,400000568.258104,-0.099789,2,8,
8,513,115,400000514.423440,-0.062394,2,8,
8,1025,116,400000474.693245,-0.024947,2,8,
8,2049,117,400000447.476401,0.012526,2,8,
8,4097,118,400000422.810393,0.050013,2,8,
8,8193,119,400000409.540214,0.087507,2,8,
8,17,120,1232.320889,0.255466,8,2,
8,33,121,1171.372965,0.315275,8,2,
8,65,122,1098.360893,0.376398,8,2,
8,129,123,1045.620552,0.438202,8,2,
8,257,124,947.280060,0.500352,8,2,
8,513,125,895.468442,0.562676,8,2,
8,1025,126,844.343993,0.625088,8,2,
8,2049,127,795.070698,0.687544,8,2,
8,4097,128,755.677556,0.750022,8,2,
8,8193,129,744.217292,0.812511,8,2,
8,17,130,400000811.671012,0.127733,4,8,
8,33,131,400000805.629019,0.157637,4,8,
8,65,132,800000305.483992,-0.762360,4,8,
8,129,133,800000287.014409,-0.756180,4,8,
8,257,134,800000285.560582,-0.749965,4,8,
8,513,135,800000279.276770,-0.743732,4,8,
8,1025,136,800000270.527354,-0.737491,4,8,
8,2049,137,800000265.878073,-0.731246,4,8,
8,4097,138,800000254.252553,-0.724998,4,8,
8,8193,139,800000249.751089,-0.718749,4,8,
8,17,140,1361.871192,0.127733,8,4,
8,33,141,1319.008369,0.157637,8,4,
8,65,142,1292.057897,0.188199,8,4,
8,129,143,200001184.147120,-0.024719,8,4,
8,257,144,200001141.476565,0.000141,8,4,
8,513,145,200001110.537960,0.025070,8,4,
8,1025,146,200001060.528575,0.050035,8,4,
8,2049,147,200001037.734337,0.075018,8,4,
8,4097,148,200001023.232272,0.100009,8,4,
8,8193,149,200001000.750745,0.125004,8,4,
8,17,150,1430.575405,0.063867,8,8,
8,33,151,1428.982250,0.078819,8,8,
8,65,152,600000680.663618,-0.562360,8,8,
8,129,153,600000673.931688,-0.556180,8,8,
8,257,154,600000665.772106,-0.549965,8,8,
8,513,155,600000660.694566,-0.543732,8,8,
8,1025,156,800000437.183985,-0.768746,8,8,
8,2049,157,1000000000.000000,-1.000000,8,8,
8,4097,158,1000000000.000000,-1.000000,8,8,
8,8193,159,1000000000.000000,-1.000000,8,8,
9,17,0,119.929162,4.087463,1,1,
9,33,1,48.304612,5.044394,1,1,
9,65,2,11.481376,6.022368,1,1,
9,129,3,2.726571,7.011227,1,1,
9,257,4,0.736963,8.005625,1,1,
9,513,5,0.210294,9.002815,1,1,
9,1025,6,0.061012,10.001408,1,1,
9,2049,7,0.017186,11.000704,1,1,
9,4097,8,0.007022,12.000352,1,1,
9,8193,9,0.002557,13.000176,1,1,
9,17,10,763.920660,2.043731,1,2,
9,33,11,489.277597,2.522197,1,2,
9,65,12,272.781477,3.011184,1,2,
9,129,13,150.254601,3.505614,1,2,
9,257,14,77.674839,4.002812,1,2,
9,513,15,36.873396,4.501408,1,2,
9,1025,16,21.363906,5.000704,1,2,
9,2049,17,10.864571,5.500352,1,2,
9,4097,18,6.538639,6.000176,1,2,
9,8193,19,4.822599,6.500088,1,2,
9,17,20,1024.388682,2.043731,2,1,
9,33,21,538.673639,2.522197,2,1,
9,65,22,311.153148,3.011184,2,1,
9,129,23,168.621030,3.505614,2,1,
9,257,24,86.154356,4.002812,2,1,
9,513,25,49.255970,4.501408,2,1,
9,1025,26,21.882708,5.000704,2,1,
9,2049,27,12.987469,5.500352,2,1,
9,4097,28,7.404830,6.000176,2,1,
9,8193,29,5.592005,6.500088,2,1,
9,17,30,2146.922289,1.021866,2,2,
9,33,31,1589.082681,1.261099,2,2,
9,65,32,1062.538827,1.505592,2,2,
9,129,33,782.021209,1.752807,2,2,
9,257,34,562.444323,2.001406,2,2,
9,513,35,427.904662,2.250704,2,2,
9,1025,36,332.863090,2.500352,2,2,
9,2049,37,249.779004,2.750176,2,2,
9,4097,38,194.256619,3.000088,2,2,
9,8193,39,167.469842,3.250044,2,2,
9,17,40,400001460.549253,1.021866,1,4,
9,33,41,400000954.106721,1.261099,1,4,
9,65,42,400000735.855048,0.503355,1,4,
9,129,43,400000531.727959,0.651684,1,4,
9,257,44,400000403.510429,0.800844,1,4,
9,513,45,400000281.035051,0.950422,1,4,
9,1025,46,400000224.225573,1.100211,1,4,
9,2049,47,400000166.937103,1.250106,1,4,
9,4097,48,400000130.596056,1.400053,1,4,
9,8193,49,400000113.048685,1.550026,1,4,
9,17,50,2414.199968,1.021866,4,1,
9,33,51,1921.188994,1.261099,4,1,
9,65,52,1422.369563,1.505592,4,1,
9,129,53,1083.509926,1.752807,4,1,
9,257,54,821.175662,2.001406,4,1,
9,513,55,600.395364,2.250704,4,1,
9,1025,56,414.093754,2.500352,4,1,
9,2049,57,318.098336,2.750176,4,1,
9,4097,58,269.340267,3.000088,4,1,
9,8193,59,238.066963,3.250044,4,1,
9,17,60,2940.271696,0.510933,2,4,
9,33,61,2282.705367,0.630549,2,4,
9,65,62,1898.184468,0.752796,2,4,
9,129,63,1588.451509,0.876403,2,4,
9,257,64,1339.723641,1.000703,2,4,
9,513,65,1176.464071,1.125352,2,4,
9,1025,66,970.431177,1.250176,2,4,
9,2049,67,847.431399,1.375088,2,4,
9,4097,68,756.913369,1.500044,2,4,
9,8193,69,713.384737,1.625022,2,4,
9,17,70,3141.994195,0.510933,4,2,
9,33,71,2929.203998,0.630549,4,2,
9,65,72,2523.745211,0.752796,4,2,
9,129,73,2099.915978,0.876403,4,2,
9,257,74,1730.503613,1.000703,4,2,
9,513,75,1535.242723,1.125352,4,2,
9,1025,76,1338.093399,1.250176,4,2,
9,2049,77,1183.446446,1.375088,4,2,
9,4097,78,1066.839705,1.500044,4,2,
9,8193,79,1038.050580,1.625022,4,2,
9,17,80,4104.056902,0.255466,4,4,
9,33,81,3706.145535,0.315275,4,4,
9,65,82,3313.470664,0.376398,4,4,
9,129,83,2891.457169,0.438202,4,4,
9,257,84,2652.538504,0.500352,4,4,
9,513,85,200001965.432225,0.250141,4,4,
9,1025,86,200001884.175519,0.300070,4,4,
9,2049,87,200001700.459252,0.350035,4,4,
9,4097,88,200001643.453359,0.400018,4,4,
9,8193,89,200001614.056847,0.450009,4,4,
9,17,90,400002040.852424,0.510933,1,8,
9,33,91,400001672.162608,0.630549,1,8,
9,65,92,400001370.238530,0.051678,1,8,
9,129,93,400001078.438094,0.125842,1,8,
9,257,94,400000876.874362,0.200422,1,8,
9,513,95,400000774.885998,0.275211,1,8,
9,1025,96,400000669.351932,0.350106,1,8,
9,2049,97,400000597.329569,0.425053,1,8,
9,4097,98,400000526.557477,0.500026,1,8,
9,8193,99,400000498.687288,0.575013,1,8,
9,17,100,3829.132674,0.510933,8,1,
9,33,101,3279.409254,0.630549,8,1,
9,65,102,2737.905348,0.752796,8,1,
9,129,103,2449.531906,0.876403,8,1,
9,257,104,1864.090939,1.000703,8,1,
9,513,105,1712.515161,1.125352,8,1,
9,1025,106,1508.669842,1.250176,8,1,
9,2049,107,1342.849957,1.375088,8,1,
9,4097,108,1229.428188,1.500044,8,1,
9,8193,109,1179.004148,1.625022,8,1,
9,17,110,400002987.121921,0.255466,2,8,
9,33,111,400002439.704207,0.315275,2,8,
9,65,112,400001998.624069,-0.174161,2,8,
9,129,113,400001745.216768,-0.137079,2,8,
9,257,114,400001552.247781,-0.099789,2,8,
9,513,115,400001408.169160,-0.062394,2,8,
9,1025,116,400001271.587376,-0.024947,2,8,
9,2049,117,400001187.795372,0.012526,2,8,
9,4097,118,400001141.373548,0.050013,2,8,
9,8193,119,400001106.400918,0.087507,2,8,
9,17,120,4355.867533,0.255466,8,2,
9,33,121,3887.392809,0.315275,8,2,
9,65,122,3588.801986,0.376398,8,2,
9,129,123,200003009.746585,0.150561,8,2,
9,257,124,200002740.239537,0.200281,8,2,
9,513,125,200002567.922814,0.250141,8,2,
9,1025,126,200002365.738203,0.300070,8,2,
9,2049,127,200002234.709962,0.350035,8,2,
9,4097,128,200002197.920569,0.400018,8,2,
9,8193,129,200002139.880918,0.450009,8,2,
9,17,130,400003689.466497,0.127733,4,8,
9,33,131,400003400.367272,0.157637,4,8,
9,65,132,400003147.264751,-0.287081,4,8,
9,129,133,600002171.645470,-0.512360,4,8,
9,257,134,600002223.845256,-0.499930,4,8,
9,513,135,800000208.695409,-0.743732,4,8,
9,1025,136,800000194.118394,-0.737491,4,8,
9,2049,137,800000192.836407,-0.731246,4,8,
9,4097,138,800000184.981181,-0.724998,4,8,
9,8193,139,800000175.588990,-0.718749,4,8,
9,17,140,4655.406629,0.127733,8,4,
9,33,141,4379.713164,0.157637,8,4,
9,65,142,4096.277391,0.188199,8,4,
9,129,143,3993.083131,0.219101,8,4,
9,257,144,3966.119634,0.250176,8,4,
9,513,145,400000901.749489,-0.231197,8,4,
9,1025,146,400000870.254763,-0.212474,8,4,
9,2049,147,400000847.420000,-0.193737,8,4,
9,4097,148,400000823.662713,-0.174993,8,4,
9,8193,149,400000802.793710,-0.156247,8,4,
9,17,150,4955.915373,0.063867,8,8,
9,33,151,4969.428901,0.078819,8,8,
9,65,152,600003186.644242,-0.562360,8,8,
9,129,153,800002876.774691,-0.778090,8,8,
9,257,154,800002737.661086,-0.774982,8,8,
9,513,155,800002686.585685,-0.771866,8,8,
9,1025,156,800002604.124952,-0.768746,8,8,
9,2049,157,800002595.819720,-0.765623,8,8,
9,4097,158,800002589.439190,-0.762499,8,8,
9,8193,159,800002574.595382,-0.759374,8,8,
